"# Sensor Name: external_sensor, Pin: 10, InfluxDB Org: thz_lab, InfluxDB Bucket: sensor_data"
date,time,temperature,humidity
2025-11-22,00:00:18,21.2,31.8
2025-11-22,00:00:48,21.3,31.8
2025-11-22,00:01:18,21.3,31.8
2025-11-22,00:01:48,21.3,31.7
2025-11-22,00:02:18,21.3,31.7
2025-11-22,00:02:48,21.3,31.7
2025-11-22,00:03:18,21.3,31.7
2025-11-22,00:03:48,21.3,31.7
2025-11-22,00:04:18,21.3,31.8
2025-11-22,00:04:48,21.3,31.8
2025-11-22,00:05:18,21.3,31.7
2025-11-22,00:05:48,21.3,31.7
2025-11-22,00:06:18,21.3,31.7
2025-11-22,00:06:48,21.3,31.7
2025-11-22,00:07:18,21.3,31.7
2025-11-22,00:07:48,21.3,31.7
2025-11-22,00:08:18,21.3,31.8
2025-11-22,00:08:50,21.2,31.8
2025-11-22,00:09:18,21.2,31.8
2025-11-22,00:09:48,21.2,31.8
2025-11-22,00:10:18,21.2,31.8
2025-11-22,00:10:48,21.2,31.8
2025-11-22,00:11:18,21.3,31.7
2025-11-22,00:11:48,21.3,31.7
2025-11-22,00:12:18,21.4,31.6
2025-11-22,00:12:48,21.3,31.7
2025-11-22,00:13:18,21.3,31.7
2025-11-22,00:13:48,21.2,31.8
2025-11-22,00:14:18,21.1,31.8
2025-11-22,00:14:48,21.1,31.9
2025-11-22,00:15:18,21.1,31.9
2025-11-22,00:15:48,21.2,31.9
2025-11-22,00:16:18,21.2,31.8
2025-11-22,00:16:48,21.2,31.8
2025-11-22,00:17:20,21.2,31.8
2025-11-22,00:17:50,21.1,31.8
2025-11-22,00:18:18,21.1,31.8
2025-11-22,00:18:48,21.1,31.9
2025-11-22,00:19:18,21.1,31.9
2025-11-22,00:19:48,21.2,31.9
2025-11-22,00:20:18,21.2,31.9
2025-11-22,00:20:48,21.2,31.8
2025-11-22,00:21:18,21.2,31.8
2025-11-22,00:21:50,21.5,31.6
2025-11-22,00:22:18,21.5,31.6
2025-11-22,00:22:48,21.5,31.5
2025-11-22,00:23:18,21.6,31.4
2025-11-22,00:23:48,21.7,31.3
2025-11-22,00:24:18,21.6,31.3
2025-11-22,00:24:48,21.6,31.4
2025-11-22,00:25:18,21.5,31.5
2025-11-22,00:25:48,21.4,31.6
2025-11-22,00:26:18,21.3,31.7
2025-11-22,00:26:48,21.3,31.7
2025-11-22,00:27:18,21.3,31.7
2025-11-22,00:27:48,21.3,31.7
2025-11-22,00:28:18,21.2,31.8
2025-11-22,00:28:48,21.2,31.8
2025-11-22,00:29:18,21.1,31.9
2025-11-22,00:29:48,21.1,31.9
2025-11-22,00:30:18,21.1,31.9
2025-11-22,00:30:48,21.1,31.9
2025-11-22,00:31:18,21.2,31.9
2025-11-22,00:31:48,21.2,31.8
2025-11-22,00:32:18,21.2,31.8
2025-11-22,00:32:48,21.2,31.8
2025-11-22,00:33:18,21.2,31.8
2025-11-22,00:33:48,21.3,31.7
2025-11-22,00:34:18,21.3,31.7
2025-11-22,00:34:48,21.2,31.7
2025-11-22,00:35:18,21.2,31.8
2025-11-22,00:35:48,21.2,31.8
2025-11-22,00:36:18,21.2,31.8
2025-11-22,00:36:48,21.3,31.8
2025-11-22,00:37:18,21.3,31.7
2025-11-22,00:37:48,21.3,31.6
2025-11-22,00:38:18,21.3,31.7
2025-11-22,00:38:48,21.3,31.7
2025-11-22,00:39:18,21.2,31.7
2025-11-22,00:39:48,21.2,31.8
2025-11-22,00:40:18,21.2,31.8
2025-11-22,00:40:48,21.1,31.8
2025-11-22,00:41:18,21.2,31.9
2025-11-22,00:41:48,21.3,31.8
2025-11-22,00:42:18,21.3,31.7
2025-11-22,00:42:48,21.5,31.6
2025-11-22,00:43:18,21.6,31.5
2025-11-22,00:43:48,21.6,31.4
2025-11-22,00:44:18,21.6,31.4
2025-11-22,00:44:48,21.6,31.4
2025-11-22,00:45:18,21.5,31.4
2025-11-22,00:45:50,21.3,31.7
2025-11-22,00:46:18,21.3,31.6
2025-11-22,00:46:48,21.3,31.7
2025-11-22,00:47:18,21.3,31.7
2025-11-22,00:47:48,21.3,31.7
2025-11-22,00:48:18,21.3,31.7
2025-11-22,00:48:48,21.3,31.6
2025-11-22,00:49:18,21.3,31.6
2025-11-22,00:49:48,21.4,31.6
2025-11-22,00:50:18,21.3,31.7
2025-11-22,00:50:48,21.3,31.7
2025-11-22,00:51:18,21.2,31.7
2025-11-22,00:51:48,21.2,31.7
2025-11-22,00:52:18,21.3,31.8
2025-11-22,00:52:48,21.3,31.8
2025-11-22,00:53:18,21.3,31.7
2025-11-22,00:53:48,21.4,31.7
2025-11-22,00:54:20,21.4,31.6
2025-11-22,00:54:48,21.4,31.6
2025-11-22,00:55:18,21.5,31.5
2025-11-22,00:55:48,21.5,31.5
2025-11-22,00:56:18,21.5,31.4
2025-11-22,00:56:48,21.4,31.5
2025-11-22,00:57:18,21.4,31.6
2025-11-22,00:57:48,21.4,31.6
2025-11-22,00:58:18,21.4,31.6
2025-11-22,00:58:48,21.3,31.7
2025-11-22,00:59:18,21.2,31.7
2025-11-22,00:59:48,21.2,31.8
2025-11-22,01:00:18,21.2,31.8
2025-11-22,01:00:48,21.1,31.9
2025-11-22,01:01:18,21.1,31.9
2025-11-22,01:01:48,21.1,31.9
2025-11-22,01:02:18,21.1,31.9
2025-11-22,01:02:48,21.1,31.9
2025-11-22,01:03:18,21.2,31.9
2025-11-22,01:03:48,21.2,31.8
2025-11-22,01:04:18,21.2,31.8
2025-11-22,01:04:48,21.3,31.8
2025-11-22,01:05:18,21.3,31.7
2025-11-22,01:05:48,21.3,31.7
2025-11-22,01:06:18,21.2,31.8
2025-11-22,01:06:48,21.2,31.8
2025-11-22,01:07:18,21.2,31.8
2025-11-22,01:07:48,21.2,31.8
2025-11-22,01:08:18,21.2,31.8
2025-11-22,01:08:48,21.3,31.8
2025-11-22,01:09:18,21.2,31.7
2025-11-22,01:09:48,21.2,31.8
2025-11-22,01:10:18,21.2,31.7
2025-11-22,01:10:48,21.2,31.8
2025-11-22,01:11:18,21.1,31.9
2025-11-22,01:11:48,21.1,31.9
2025-11-22,01:12:18,21.1,31.9
2025-11-22,01:12:48,21.1,31.9
2025-11-22,01:13:18,21.2,31.9
2025-11-22,01:13:48,21.2,31.8
2025-11-22,01:14:18,21.2,31.8
2025-11-22,01:14:48,21.2,31.8
2025-11-22,01:15:18,21.3,31.8
2025-11-22,01:15:48,21.3,31.7
2025-11-22,01:16:18,21.3,31.7
2025-11-22,01:16:48,21.2,31.8
2025-11-22,01:17:18,21.2,31.8
2025-11-22,01:17:48,21.1,31.9
2025-11-22,01:18:18,21.1,31.9
2025-11-22,01:18:48,21.1,31.9
2025-11-22,01:19:18,21.2,31.9
2025-11-22,01:19:48,21.2,31.8
2025-11-22,01:20:18,21.2,31.8
2025-11-22,01:20:48,21.2,31.8
2025-11-22,01:21:18,21.1,31.9
2025-11-22,01:21:48,21.1,31.9
2025-11-22,01:22:18,21.1,31.9
2025-11-22,01:22:48,21.1,32.0
2025-11-22,01:23:18,21.1,31.9
2025-11-22,01:23:48,21.1,31.9
2025-11-22,01:24:18,21.2,31.9
2025-11-22,01:24:48,21.3,31.8
2025-11-22,01:25:18,21.3,31.7
2025-11-22,01:25:48,21.4,31.7
2025-11-22,01:26:18,21.4,31.6
2025-11-22,01:26:48,21.3,31.7
2025-11-22,01:27:18,21.2,31.8
2025-11-22,01:27:48,21.2,31.8
2025-11-22,01:28:18,21.2,31.9
2025-11-22,01:28:48,21.2,31.8
2025-11-22,01:29:18,21.2,31.8
2025-11-22,01:29:48,21.2,31.8
2025-11-22,01:30:20,21.3,31.8
2025-11-22,01:30:48,21.3,31.8
2025-11-22,01:31:18,21.3,31.6
2025-11-22,01:31:48,21.3,31.7
2025-11-22,01:32:18,21.3,31.7
2025-11-22,01:32:48,21.4,31.6
2025-11-22,01:33:18,21.5,31.6
2025-11-22,01:33:48,21.5,31.6
2025-11-22,01:34:18,21.5,31.5
2025-11-22,01:34:48,21.6,31.5
2025-11-22,01:35:18,21.6,31.4
2025-11-22,01:35:48,21.6,31.4
2025-11-22,01:36:18,21.6,31.4
2025-11-22,01:36:48,21.7,31.3
2025-11-22,01:37:18,21.7,31.3
2025-11-22,01:37:48,21.7,31.3
2025-11-22,01:38:18,21.7,31.2
2025-11-22,01:38:48,21.7,31.2
2025-11-22,01:39:18,21.7,31.2
2025-11-22,01:39:48,21.7,31.2
2025-11-22,01:40:18,21.7,31.1
2025-11-22,01:40:48,21.7,31.2
2025-11-22,01:41:18,21.8,31.2
2025-11-22,01:41:48,21.8,31.1
2025-11-22,01:42:18,21.8,31.2
2025-11-22,01:42:48,21.8,31.1
2025-11-22,01:43:18,21.9,31.0
2025-11-22,01:43:48,21.9,31.1
2025-11-22,01:44:18,21.9,31.1
2025-11-22,01:44:48,21.9,31.1
2025-11-22,01:45:18,22.0,31.0
2025-11-22,01:45:48,22.0,31.0
2025-11-22,01:46:18,22.0,31.0
2025-11-22,01:46:48,22.0,31.0
2025-11-22,01:47:18,22.0,30.9
2025-11-22,01:47:48,22.0,30.9
2025-11-22,01:48:18,22.0,31.0
2025-11-22,01:48:48,22.0,30.9
2025-11-22,01:49:18,22.0,30.9
2025-11-22,01:49:48,22.0,30.9
2025-11-22,01:50:18,21.9,30.9
2025-11-22,01:50:48,21.9,31.0
2025-11-22,01:51:18,21.9,31.0
2025-11-22,01:51:48,21.9,31.0
2025-11-22,01:52:18,21.9,31.1
2025-11-22,01:52:48,21.9,31.1
2025-11-22,01:53:18,21.9,31.1
2025-11-22,01:53:48,21.9,31.1
2025-11-22,01:54:18,21.9,31.1
2025-11-22,01:54:48,21.9,31.1
2025-11-22,01:55:20,21.9,31.0
2025-11-22,01:55:48,21.9,31.0
2025-11-22,01:56:18,21.9,31.0
2025-11-22,01:56:48,21.9,31.1
2025-11-22,01:57:20,22.0,31.0
2025-11-22,01:57:48,22.0,31.0
2025-11-22,01:58:18,22.0,30.9
2025-11-22,01:58:48,22.0,30.9
2025-11-22,01:59:18,22.0,30.9
2025-11-22,01:59:48,22.0,30.9
2025-11-22,02:00:18,22.0,31.0
2025-11-22,02:00:48,22.0,30.9
2025-11-22,02:01:18,21.9,31.0
2025-11-22,02:01:48,21.8,31.1
2025-11-22,02:02:18,21.8,31.2
2025-11-22,02:02:48,21.7,31.2
2025-11-22,02:03:18,21.7,31.3
2025-11-22,02:03:48,21.6,31.3
2025-11-22,02:04:18,21.6,31.4
2025-11-22,02:04:48,21.6,31.4
2025-11-22,02:05:18,21.6,31.4
2025-11-22,02:05:48,21.5,31.5
2025-11-22,02:06:18,21.5,31.5
2025-11-22,02:06:48,21.5,31.6
2025-11-22,02:07:18,21.5,31.6
2025-11-22,02:07:48,21.5,31.6
2025-11-22,02:08:18,21.5,31.6
2025-11-22,02:08:48,21.5,31.5
2025-11-22,02:09:18,21.5,31.6
2025-11-22,02:09:48,21.5,31.6
2025-11-22,02:10:18,21.5,31.6
2025-11-22,02:10:48,21.4,31.6
2025-11-22,02:11:18,21.5,31.6
2025-11-22,02:11:48,21.5,31.6
2025-11-22,02:12:18,21.4,31.6
2025-11-22,02:12:48,21.4,31.6
2025-11-22,02:13:20,21.4,31.6
2025-11-22,02:13:48,21.4,31.6
2025-11-22,02:14:18,21.4,31.6
2025-11-22,02:14:48,21.5,31.6
2025-11-22,02:15:18,21.5,31.6
2025-11-22,02:15:48,21.5,31.6
2025-11-22,02:16:18,21.5,31.6
2025-11-22,02:16:48,21.4,31.6
2025-11-22,02:17:18,21.3,31.7
2025-11-22,02:17:48,21.3,31.7
2025-11-22,02:18:18,21.3,31.7
2025-11-22,02:18:48,21.3,31.7
2025-11-22,02:19:18,21.4,31.7
2025-11-22,02:19:48,21.4,31.7
2025-11-22,02:20:18,21.4,31.7
2025-11-22,02:20:48,21.4,31.7
2025-11-22,02:21:18,21.4,31.7
2025-11-22,02:21:48,21.4,31.6
2025-11-22,02:22:18,21.3,31.7
2025-11-22,02:22:48,21.3,31.8
2025-11-22,02:23:18,21.3,31.8
2025-11-22,02:23:48,21.4,31.7
2025-11-22,02:24:18,21.4,31.6
2025-11-22,02:24:48,21.5,31.5
2025-11-22,02:25:18,21.6,31.5
2025-11-22,02:25:48,21.6,31.4
2025-11-22,02:26:18,21.6,31.5
2025-11-22,02:26:48,21.6,31.4
2025-11-22,02:27:18,21.6,31.5
2025-11-22,02:27:48,21.5,31.5
2025-11-22,02:28:18,21.4,31.6
2025-11-22,02:28:48,21.4,31.6
2025-11-22,02:29:18,21.4,31.6
2025-11-22,02:29:48,21.4,31.6
2025-11-22,02:30:18,21.4,31.7
2025-11-22,02:30:48,21.4,31.6
2025-11-22,02:31:18,21.4,31.6
2025-11-22,02:31:48,21.4,31.6
2025-11-22,02:32:18,21.3,31.8
2025-11-22,02:32:48,21.3,31.7
2025-11-22,02:33:18,21.3,31.7
2025-11-22,02:33:48,21.2,31.8
2025-11-22,02:34:18,21.2,31.8
2025-11-22,02:34:48,21.3,31.8
2025-11-22,02:35:18,21.3,31.8
2025-11-22,02:35:48,21.3,31.7
2025-11-22,02:36:18,21.4,31.7
2025-11-22,02:36:48,21.4,31.7
2025-11-22,02:37:18,21.4,31.7
2025-11-22,02:37:48,21.3,31.7
2025-11-22,02:38:18,21.3,31.8
2025-11-22,02:38:48,21.3,31.8
2025-11-22,02:39:18,21.3,31.8
2025-11-22,02:39:48,21.3,31.8
2025-11-22,02:40:18,21.3,31.7
2025-11-22,02:40:48,21.4,31.7
2025-11-22,02:41:18,21.3,31.7
2025-11-22,02:41:50,21.2,31.8
2025-11-22,02:42:18,21.2,31.8
2025-11-22,02:42:48,21.1,31.9
2025-11-22,02:43:18,21.2,31.9
2025-11-22,02:43:48,21.1,31.9
2025-11-22,02:44:18,21.1,31.9
2025-11-22,02:44:48,21.2,31.9
2025-11-22,02:45:18,21.3,31.8
2025-11-22,02:45:48,21.3,31.8
2025-11-22,02:46:18,21.3,31.7
2025-11-22,02:46:48,21.4,31.7
2025-11-22,02:47:18,21.4,31.7
2025-11-22,02:47:48,21.3,31.6
2025-11-22,02:48:18,21.3,31.8
2025-11-22,02:48:48,21.3,31.8
2025-11-22,02:49:18,21.3,31.8
2025-11-22,02:49:48,21.3,31.8
2025-11-22,02:50:18,21.3,31.7
2025-11-22,02:50:48,21.4,31.7
2025-11-22,02:51:18,21.4,31.6
2025-11-22,02:51:48,21.3,31.7
2025-11-22,02:52:18,21.3,31.7
2025-11-22,02:52:48,21.3,31.7
2025-11-22,02:53:18,21.2,31.8
2025-11-22,02:53:48,21.2,31.9
2025-11-22,02:54:18,21.2,31.8
2025-11-22,02:54:48,21.2,31.8
2025-11-22,02:55:18,21.2,31.8
2025-11-22,02:55:48,21.2,31.8
2025-11-22,02:56:18,21.3,31.8
2025-11-22,02:56:48,21.3,31.7
2025-11-22,02:57:18,21.4,31.7
2025-11-22,02:57:48,21.4,31.7
2025-11-22,02:58:18,21.4,31.6
2025-11-22,02:58:48,21.3,31.7
2025-11-22,02:59:18,21.3,31.7
2025-11-22,02:59:48,21.3,31.8
2025-11-22,03:00:18,21.3,31.8
2025-11-22,03:00:48,21.3,31.7
2025-11-22,03:01:18,21.3,31.7
2025-11-22,03:01:48,21.3,31.7
2025-11-22,03:02:18,21.3,31.7
2025-11-22,03:02:50,21.3,31.7
2025-11-22,03:03:18,21.3,31.7
2025-11-22,03:03:48,21.3,31.7
2025-11-22,03:04:18,21.3,31.7
2025-11-22,03:04:48,21.2,31.8
2025-11-22,03:05:18,21.3,31.8
2025-11-22,03:05:50,21.3,31.7
2025-11-22,03:06:18,21.3,31.7
2025-11-22,03:06:48,21.3,31.7
2025-11-22,03:07:18,21.3,31.7
2025-11-22,03:07:48,21.4,31.7
2025-11-22,03:08:18,21.4,31.7
2025-11-22,03:08:48,21.3,31.7
2025-11-22,03:09:18,21.3,31.8
2025-11-22,03:09:48,21.3,31.7
2025-11-22,03:10:20,21.4,31.7
2025-11-22,03:10:48,21.3,31.6
2025-11-22,03:11:18,21.3,31.7
2025-11-22,03:11:48,21.3,31.7
2025-11-22,03:12:18,21.3,31.7
2025-11-22,03:12:48,21.3,31.7
2025-11-22,03:13:18,21.3,31.7
2025-11-22,03:13:48,21.3,31.7
2025-11-22,03:14:18,21.3,31.8
2025-11-22,03:14:48,21.3,31.7
2025-11-22,03:15:18,21.3,31.7
2025-11-22,03:15:48,21.4,31.7
2025-11-22,03:16:18,21.4,31.6
2025-11-22,03:16:48,21.4,31.6
2025-11-22,03:17:18,21.4,31.6
2025-11-22,03:17:48,21.4,31.7
2025-11-22,03:18:18,21.4,31.6
2025-11-22,03:18:48,21.3,31.6
2025-11-22,03:19:18,21.3,31.7
2025-11-22,03:19:48,21.3,31.7
2025-11-22,03:20:18,21.3,31.7
2025-11-22,03:20:48,21.3,31.7
2025-11-22,03:21:18,21.3,31.6
2025-11-22,03:21:48,21.3,31.7
2025-11-22,03:22:18,21.4,31.6
2025-11-22,03:22:48,21.3,31.6
2025-11-22,03:23:18,21.3,31.7
2025-11-22,03:23:48,21.3,31.6
2025-11-22,03:24:18,21.3,31.7
2025-11-22,03:24:50,21.3,31.7
2025-11-22,03:25:18,21.3,31.7
2025-11-22,03:25:48,21.3,31.7
2025-11-22,03:26:18,21.4,31.6
2025-11-22,03:26:48,21.4,31.6
2025-11-22,03:27:18,21.5,31.5
2025-11-22,03:27:48,21.5,31.5
2025-11-22,03:28:18,21.6,31.4
2025-11-22,03:28:48,21.7,31.3
2025-11-22,03:29:18,21.7,31.3
2025-11-22,03:29:48,21.6,31.3
2025-11-22,03:30:18,21.4,31.5
2025-11-22,03:30:48,21.3,31.6
2025-11-22,03:31:18,21.2,31.7
2025-11-22,03:31:48,21.2,31.8
2025-11-22,03:32:18,21.2,31.8
2025-11-22,03:32:48,21.2,31.8
2025-11-22,03:33:18,21.2,31.8
2025-11-22,03:33:48,21.2,31.8
2025-11-22,03:34:18,21.2,31.8
2025-11-22,03:34:48,21.1,31.9
2025-11-22,03:35:18,21.1,31.9
2025-11-22,03:35:48,21.1,31.9
2025-11-22,03:36:18,21.2,31.9
2025-11-22,03:36:48,21.2,31.9
2025-11-22,03:37:18,21.2,31.8
2025-11-22,03:37:48,21.2,31.8
2025-11-22,03:38:18,21.3,31.7
2025-11-22,03:38:48,21.3,31.7
2025-11-22,03:39:18,21.3,31.7
2025-11-22,03:39:50,21.3,31.7
2025-11-22,03:40:18,21.3,31.7
2025-11-22,03:40:48,21.3,31.7
2025-11-22,03:41:18,21.3,31.8
2025-11-22,03:41:48,21.3,31.7
2025-11-22,03:42:18,21.3,31.7
2025-11-22,03:42:48,21.3,31.7
2025-11-22,03:43:18,21.3,31.7
2025-11-22,03:43:48,21.2,31.7
2025-11-22,03:44:18,21.2,31.7
2025-11-22,03:44:48,21.2,31.8
2025-11-22,03:45:18,21.2,31.8
2025-11-22,03:45:48,21.2,31.8
2025-11-22,03:46:18,21.2,31.8
2025-11-22,03:46:48,21.2,31.8
2025-11-22,03:47:18,21.3,31.8
2025-11-22,03:47:48,21.3,31.7
2025-11-22,03:48:18,21.3,31.7
2025-11-22,03:48:48,21.4,31.6
2025-11-22,03:49:18,21.4,31.6
2025-11-22,03:49:48,21.4,31.6
2025-11-22,03:50:18,21.3,31.6
2025-11-22,03:50:48,21.3,31.7
2025-11-22,03:51:18,21.2,31.8
2025-11-22,03:51:48,21.2,31.8
2025-11-22,03:52:18,21.2,31.8
2025-11-22,03:52:48,21.2,31.8
2025-11-22,03:53:18,21.2,31.8
2025-11-22,03:53:48,21.2,31.8
2025-11-22,03:54:18,21.2,31.8
2025-11-22,03:54:48,21.2,31.8
2025-11-22,03:55:18,21.2,31.8
2025-11-22,03:55:48,21.2,31.8
2025-11-22,03:56:18,21.2,31.7
2025-11-22,03:56:48,21.2,31.8
2025-11-22,03:57:18,21.2,31.8
2025-11-22,03:57:48,21.3,31.7
2025-11-22,03:58:18,21.3,31.7
2025-11-22,03:58:48,21.4,31.6
2025-11-22,03:59:18,21.4,31.5
2025-11-22,03:59:48,21.5,31.5
2025-11-22,04:00:18,21.5,31.5
2025-11-22,04:00:48,21.4,31.5
2025-11-22,04:01:18,21.4,31.5
2025-11-22,04:01:48,21.3,31.6
2025-11-22,04:02:18,21.3,31.6
2025-11-22,04:02:48,21.3,31.6
2025-11-22,04:03:18,21.3,31.6
2025-11-22,04:03:48,21.3,31.6
2025-11-22,04:04:18,21.3,31.6
2025-11-22,04:04:48,21.3,31.6
2025-11-22,04:05:18,21.4,31.6
2025-11-22,04:05:48,21.3,31.6
2025-11-22,04:06:18,21.3,31.6
2025-11-22,04:06:48,21.2,31.7
2025-11-22,04:07:18,21.2,31.7
2025-11-22,04:07:48,21.2,31.7
2025-11-22,04:08:18,21.3,31.7
2025-11-22,04:08:50,21.3,31.7
2025-11-22,04:09:18,21.4,31.7
2025-11-22,04:09:48,21.4,31.6
2025-11-22,04:10:18,21.4,31.6
2025-11-22,04:10:48,21.4,31.5
2025-11-22,04:11:18,21.4,31.6
2025-11-22,04:11:48,21.3,31.7
2025-11-22,04:12:18,21.2,31.7
2025-11-22,04:12:48,21.2,31.8
2025-11-22,04:13:20,21.2,31.8
2025-11-22,04:13:48,21.2,31.8
2025-11-22,04:14:18,21.2,31.7
2025-11-22,04:14:48,21.2,31.8
2025-11-22,04:15:18,21.2,31.8
2025-11-22,04:15:48,21.2,31.7
2025-11-22,04:16:18,21.3,31.8
2025-11-22,04:16:48,21.2,31.8
2025-11-22,04:17:18,21.2,31.8
2025-11-22,04:17:48,21.1,31.8
2025-11-22,04:18:18,21.1,31.9
2025-11-22,04:18:48,21.2,31.8
2025-11-22,04:19:18,21.2,31.8
2025-11-22,04:19:48,21.2,31.8
2025-11-22,04:20:18,21.2,31.8
2025-11-22,04:20:48,21.2,31.7
2025-11-22,04:21:18,21.3,31.7
2025-11-22,04:21:48,21.2,31.7
2025-11-22,04:22:18,21.2,31.8
2025-11-22,04:22:48,21.2,31.8
2025-11-22,04:23:18,21.2,31.8
2025-11-22,04:23:48,21.2,31.8
2025-11-22,04:24:18,21.2,31.8
2025-11-22,04:24:48,21.2,31.8
2025-11-22,04:25:18,21.2,31.7
2025-11-22,04:25:48,21.3,31.7
2025-11-22,04:26:18,21.3,31.7
2025-11-22,04:26:48,21.3,31.7
2025-11-22,04:27:18,21.3,31.7
2025-11-22,04:27:48,21.3,31.6
2025-11-22,04:28:18,21.3,31.7
2025-11-22,04:28:48,21.3,31.7
2025-11-22,04:29:18,21.3,31.7
2025-11-22,04:29:50,21.3,31.7
2025-11-22,04:30:18,21.3,31.7
2025-11-22,04:30:48,21.3,31.7
2025-11-22,04:31:18,21.3,31.7
2025-11-22,04:31:48,21.3,31.6
2025-11-22,04:32:18,21.2,31.7
2025-11-22,04:32:48,21.2,31.8
2025-11-22,04:33:18,21.1,31.8
2025-11-22,04:33:48,21.1,31.9
2025-11-22,04:34:18,21.2,31.8
2025-11-22,04:34:48,21.2,31.8
2025-11-22,04:35:18,21.2,31.8
2025-11-22,04:35:48,21.2,31.8
2025-11-22,04:36:18,21.3,31.7
2025-11-22,04:36:48,21.2,31.8
2025-11-22,04:37:18,21.2,31.9
2025-11-22,04:37:48,21.1,31.9
2025-11-22,04:38:18,21.2,31.8
2025-11-22,04:38:48,21.2,31.8
2025-11-22,04:39:18,21.3,31.8
2025-11-22,04:39:48,21.4,31.7
2025-11-22,04:40:18,21.4,31.5
2025-11-22,04:40:48,21.5,31.5
2025-11-22,04:41:18,21.6,31.4
2025-11-22,04:41:48,21.6,31.4
2025-11-22,04:42:18,21.6,31.3
2025-11-22,04:42:48,21.5,31.4
2025-11-22,04:43:18,21.5,31.5
2025-11-22,04:43:48,21.4,31.5
2025-11-22,04:44:18,21.4,31.6
2025-11-22,04:44:48,21.4,31.6
2025-11-22,04:45:18,21.4,31.6
2025-11-22,04:45:48,21.4,31.6
2025-11-22,04:46:18,21.4,31.6
2025-11-22,04:46:48,21.4,31.6
2025-11-22,04:47:18,21.4,31.5
2025-11-22,04:47:48,21.4,31.6
2025-11-22,04:48:18,21.3,31.6
2025-11-22,04:48:48,21.3,31.7
2025-11-22,04:49:18,21.2,31.7
2025-11-22,04:49:48,21.2,31.7
2025-11-22,04:50:18,21.3,31.7
2025-11-22,04:50:48,21.3,31.7
2025-11-22,04:51:18,21.3,31.6
2025-11-22,04:51:48,21.4,31.6
2025-11-22,04:52:18,21.4,31.6
2025-11-22,04:52:48,21.4,31.6
2025-11-22,04:53:18,21.4,31.6
2025-11-22,04:53:48,21.3,31.7
2025-11-22,04:54:18,21.2,31.7
2025-11-22,04:54:48,21.2,31.8
2025-11-22,04:55:18,21.2,31.8
2025-11-22,04:55:48,21.2,31.8
2025-11-22,04:56:18,21.2,31.8
2025-11-22,04:56:48,21.3,31.7
2025-11-22,04:57:18,21.3,31.7
2025-11-22,04:57:48,21.2,31.7
2025-11-22,04:58:18,21.2,31.7
2025-11-22,04:58:48,21.2,31.8
2025-11-22,04:59:18,21.2,31.8
2025-11-22,04:59:48,21.3,31.7
2025-11-22,05:00:18,21.3,31.6
2025-11-22,05:00:48,21.3,31.6
2025-11-22,05:01:18,21.3,31.7
2025-11-22,05:01:48,21.3,31.7
2025-11-22,05:02:18,21.3,31.7
2025-11-22,05:02:48,21.3,31.7
2025-11-22,05:03:18,21.3,31.7
2025-11-22,05:03:48,21.2,31.7
2025-11-22,05:04:18,21.2,31.8
2025-11-22,05:04:48,21.1,31.8
2025-11-22,05:05:18,21.1,31.8
2025-11-22,05:05:48,21.2,31.8
2025-11-22,05:06:18,21.2,31.8
2025-11-22,05:06:50,21.3,31.7
2025-11-22,05:07:18,21.3,31.7
2025-11-22,05:07:48,21.3,31.7
2025-11-22,05:08:18,21.3,31.7
2025-11-22,05:08:48,21.2,31.7
2025-11-22,05:09:18,21.2,31.7
2025-11-22,05:09:48,21.2,31.8
2025-11-22,05:10:18,21.1,31.8
2025-11-22,05:10:48,21.1,31.8
2025-11-22,05:11:18,21.2,31.8
2025-11-22,05:11:48,21.2,31.8
2025-11-22,05:12:18,21.2,31.8
2025-11-22,05:12:48,21.2,31.8
2025-11-22,05:13:18,21.2,31.7
2025-11-22,05:13:48,21.3,31.7
2025-11-22,05:14:18,21.2,31.7
2025-11-22,05:14:48,21.2,31.8
2025-11-22,05:15:18,21.1,31.9
2025-11-22,05:15:48,21.2,31.8
2025-11-22,05:16:18,21.2,31.8
2025-11-22,05:16:48,21.2,31.8
2025-11-22,05:17:18,21.2,31.7
2025-11-22,05:17:48,21.3,31.7
2025-11-22,05:18:18,21.3,31.7
2025-11-22,05:18:48,21.2,31.7
2025-11-22,05:19:18,21.1,31.8
2025-11-22,05:19:48,21.1,31.8
2025-11-22,05:20:18,21.1,31.9
2025-11-22,05:20:48,21.1,31.8
2025-11-22,05:21:18,21.2,31.7
2025-11-22,05:21:48,21.2,31.7
2025-11-22,05:22:18,21.3,31.7
2025-11-22,05:22:48,21.3,31.7
2025-11-22,05:23:18,21.3,31.6
2025-11-22,05:23:48,21.4,31.6
2025-11-22,05:24:18,21.3,31.6
2025-11-22,05:24:48,21.3,31.6
2025-11-22,05:25:18,21.2,31.7
2025-11-22,05:25:48,21.2,31.7
2025-11-22,05:26:18,21.2,31.7
2025-11-22,05:26:48,21.2,31.7
2025-11-22,05:27:18,21.3,31.6
2025-11-22,05:27:48,21.3,31.6
2025-11-22,05:28:18,21.3,31.6
2025-11-22,05:28:48,21.2,31.6
2025-11-22,05:29:18,21.2,31.7
2025-11-22,05:29:48,21.1,31.8
2025-11-22,05:30:18,21.1,31.8
2025-11-22,05:30:48,21.1,31.8
2025-11-22,05:31:18,21.2,31.7
2025-11-22,05:31:48,21.2,31.7
2025-11-22,05:32:18,21.3,31.7
2025-11-22,05:32:48,21.4,31.6
2025-11-22,05:33:18,21.4,31.5
2025-11-22,05:33:48,21.5,31.4
2025-11-22,05:34:18,21.5,31.4
2025-11-22,05:34:48,21.5,31.4
2025-11-22,05:35:18,21.4,31.4
2025-11-22,05:35:48,21.4,31.5
2025-11-22,05:36:18,21.4,31.5
2025-11-22,05:36:48,21.3,31.6
2025-11-22,05:37:18,21.3,31.6
2025-11-22,05:37:48,21.3,31.5
2025-11-22,05:38:18,21.3,31.5
2025-11-22,05:38:48,21.3,31.6
2025-11-22,05:39:18,21.3,31.5
2025-11-22,05:39:48,21.3,31.6
2025-11-22,05:40:18,21.3,31.6
2025-11-22,05:40:48,21.2,31.6
2025-11-22,05:41:18,21.2,31.7
2025-11-22,05:41:48,21.2,31.7
2025-11-22,05:42:18,21.2,31.7
2025-11-22,05:42:48,21.2,31.7
2025-11-22,05:43:18,21.2,31.7
2025-11-22,05:43:48,21.2,31.7
2025-11-22,05:44:18,21.3,31.6
2025-11-22,05:44:48,21.4,31.6
2025-11-22,05:45:18,21.4,31.5
2025-11-22,05:45:48,21.5,31.5
2025-11-22,05:46:18,21.5,31.4
2025-11-22,05:46:48,21.5,31.3
2025-11-22,05:47:18,21.4,31.4
2025-11-22,05:47:48,21.3,31.5
2025-11-22,05:48:18,21.3,31.6
2025-11-22,05:48:48,21.3,31.6
2025-11-22,05:49:18,21.2,31.6
2025-11-22,05:49:48,21.3,31.6
2025-11-22,05:50:18,21.3,31.6
2025-11-22,05:50:48,21.3,31.6
2025-11-22,05:51:18,21.3,31.6
2025-11-22,05:51:48,21.2,31.6
2025-11-22,05:52:18,21.2,31.6
2025-11-22,05:52:48,21.3,31.6
2025-11-22,05:53:18,21.3,31.6
2025-11-22,05:53:50,21.3,31.6
2025-11-22,05:54:18,21.3,31.6
2025-11-22,05:54:48,21.3,31.6
2025-11-22,05:55:18,21.3,31.6
2025-11-22,05:55:48,21.3,31.5
2025-11-22,05:56:18,21.3,31.5
2025-11-22,05:56:48,21.3,31.5
2025-11-22,05:57:18,21.2,31.6
2025-11-22,05:57:48,21.2,31.6
2025-11-22,05:58:18,21.3,31.6
2025-11-22,05:58:48,21.3,31.6
2025-11-22,05:59:18,21.3,31.6
2025-11-22,05:59:48,21.3,31.5
2025-11-22,06:00:18,21.3,31.5
2025-11-22,06:00:48,21.2,31.6
2025-11-22,06:01:18,21.1,31.7
2025-11-22,06:01:48,21.1,31.8
2025-11-22,06:02:18,21.1,31.8
2025-11-22,06:02:48,21.1,31.7
2025-11-22,06:03:18,21.1,31.7
2025-11-22,06:03:48,21.2,31.7
2025-11-22,06:04:18,21.3,31.6
2025-11-22,06:04:48,21.3,31.5
2025-11-22,06:05:20,21.5,31.4
2025-11-22,06:05:48,21.5,31.3
2025-11-22,06:06:18,21.6,31.2
2025-11-22,06:06:48,21.6,31.2
2025-11-22,06:07:18,21.6,31.2
2025-11-22,06:07:48,21.5,31.3
2025-11-22,06:08:18,21.4,31.3
2025-11-22,06:08:48,21.3,31.5
2025-11-22,06:09:18,21.2,31.6
2025-11-22,06:09:48,21.2,31.6
2025-11-22,06:10:18,21.2,31.6
2025-11-22,06:10:48,21.2,31.6
2025-11-22,06:11:18,21.2,31.6
2025-11-22,06:11:48,21.1,31.7
2025-11-22,06:12:18,21.1,31.7
2025-11-22,06:12:48,21.1,31.8
2025-11-22,06:13:20,21.2,31.7
2025-11-22,06:13:48,21.2,31.7
2025-11-22,06:14:18,21.2,31.7
2025-11-22,06:14:50,21.2,31.6
2025-11-22,06:15:18,21.2,31.6
2025-11-22,06:15:48,21.2,31.6
2025-11-22,06:16:18,21.2,31.6
2025-11-22,06:16:48,21.3,31.6
2025-11-22,06:17:18,21.3,31.5
2025-11-22,06:17:48,21.3,31.6
2025-11-22,06:18:18,21.2,31.6
2025-11-22,06:18:48,21.3,31.5
2025-11-22,06:19:18,21.2,31.6
2025-11-22,06:19:48,21.2,31.6
2025-11-22,06:20:18,21.2,31.6
2025-11-22,06:20:48,21.2,31.6
2025-11-22,06:21:18,21.2,31.7
2025-11-22,06:21:48,21.2,31.7
2025-11-22,06:22:18,21.2,31.7
2025-11-22,06:22:48,21.2,31.6
2025-11-22,06:23:18,21.1,31.7
2025-11-22,06:23:48,21.1,31.7
2025-11-22,06:24:18,21.1,31.7
2025-11-22,06:24:48,21.2,31.7
2025-11-22,06:25:18,21.2,31.6
2025-11-22,06:25:48,21.2,31.7
2025-11-22,06:26:18,21.3,31.6
2025-11-22,06:26:48,21.3,31.5
2025-11-22,06:27:18,21.4,31.5
2025-11-22,06:27:48,21.4,31.4
2025-11-22,06:28:18,21.3,31.5
2025-11-22,06:28:48,21.3,31.5
2025-11-22,06:29:18,21.2,31.6
2025-11-22,06:29:48,21.3,31.6
2025-11-22,06:30:22,21.3,31.5
2025-11-22,06:30:48,21.3,31.5
2025-11-22,06:31:18,21.3,31.5
2025-11-22,06:31:48,21.3,31.5
2025-11-22,06:32:18,21.3,31.5
2025-11-22,06:32:48,21.3,31.5
2025-11-22,06:33:18,21.2,31.5
2025-11-22,06:33:48,21.2,31.6
2025-11-22,06:34:20,21.2,31.5
2025-11-22,06:34:48,21.3,31.6
2025-11-22,06:35:18,21.3,31.5
2025-11-22,06:35:48,21.4,31.4
2025-11-22,06:36:18,21.5,31.3
2025-11-22,06:36:48,21.5,31.3
2025-11-22,06:37:18,21.5,31.3
2025-11-22,06:37:48,21.5,31.3
2025-11-22,06:38:18,21.5,31.3
2025-11-22,06:38:48,21.5,31.3
2025-11-22,06:39:18,21.4,31.4
2025-11-22,06:39:50,21.2,31.5
2025-11-22,06:40:18,21.2,31.5
2025-11-22,06:40:48,21.3,31.5
2025-11-22,06:41:18,21.3,31.5
2025-11-22,06:41:48,21.3,31.5
2025-11-22,06:42:18,21.3,31.5
2025-11-22,06:42:48,21.2,31.5
2025-11-22,06:43:18,21.2,31.6
2025-11-22,06:43:48,21.1,31.6
2025-11-22,06:44:18,21.1,31.7
2025-11-22,06:44:48,21.1,31.7
2025-11-22,06:45:18,21.1,31.7
2025-11-22,06:45:48,21.2,31.6
2025-11-22,06:46:18,21.2,31.6
2025-11-22,06:46:48,21.2,31.6
2025-11-22,06:47:18,21.3,31.5
2025-11-22,06:47:48,21.3,31.5
2025-11-22,06:48:18,21.3,31.4
2025-11-22,06:48:48,21.4,31.3
2025-11-22,06:49:18,21.4,31.4
2025-11-22,06:49:48,21.3,31.4
2025-11-22,06:50:18,21.2,31.5
2025-11-22,06:50:48,21.2,31.5
2025-11-22,06:51:18,21.2,31.5
2025-11-22,06:51:48,21.3,31.5
2025-11-22,06:52:18,21.2,31.5
2025-11-22,06:52:48,21.2,31.5
2025-11-22,06:53:18,21.2,31.5
2025-11-22,06:53:48,21.2,31.6
2025-11-22,06:54:18,21.1,31.6
2025-11-22,06:54:48,21.1,31.6
2025-11-22,06:55:18,21.1,31.6
2025-11-22,06:55:48,21.1,31.6
2025-11-22,06:56:18,21.2,31.6
2025-11-22,06:56:48,21.2,31.6
2025-11-22,06:57:18,21.3,31.5
2025-11-22,06:57:48,21.3,31.4
2025-11-22,06:58:18,21.3,31.4
2025-11-22,06:58:48,21.4,31.4
2025-11-22,06:59:18,21.3,31.4
2025-11-22,06:59:48,21.2,31.5
2025-11-22,07:00:18,21.1,31.6
2025-11-22,07:00:48,21.1,31.6
2025-11-22,07:01:18,21.1,31.7
2025-11-22,07:01:48,21.1,31.7
2025-11-22,07:02:18,21.2,31.6
2025-11-22,07:02:48,21.2,31.6
2025-11-22,07:03:18,21.2,31.5
2025-11-22,07:03:50,21.2,31.5
2025-11-22,07:04:18,21.2,31.6
2025-11-22,07:04:48,21.1,31.6
2025-11-22,07:05:18,21.1,31.6
2025-11-22,07:05:48,21.1,31.6
2025-11-22,07:06:18,21.2,31.6
2025-11-22,07:06:48,21.2,31.6
2025-11-22,07:07:18,21.2,31.6
2025-11-22,07:07:48,21.3,31.5
2025-11-22,07:08:18,21.3,31.5
2025-11-22,07:08:48,21.4,31.4
2025-11-22,07:09:18,21.4,31.3
2025-11-22,07:09:48,21.4,31.3
2025-11-22,07:10:18,21.4,31.3
2025-11-22,07:10:48,21.3,31.4
2025-11-22,07:11:18,21.2,31.4
2025-11-22,07:11:48,21.2,31.6
2025-11-22,07:12:18,21.2,31.5
2025-11-22,07:12:50,21.2,31.5
2025-11-22,07:13:18,21.2,31.5
2025-11-22,07:13:48,21.2,31.6
2025-11-22,07:14:18,21.2,31.6
2025-11-22,07:14:48,21.2,31.5
2025-11-22,07:15:18,21.2,31.5
2025-11-22,07:15:48,21.2,31.6
2025-11-22,07:16:18,21.1,31.6
2025-11-22,07:16:48,21.1,31.7
2025-11-22,07:17:18,21.2,31.6
2025-11-22,07:17:48,21.2,31.6
2025-11-22,07:18:18,21.3,31.5
2025-11-22,07:18:48,21.4,31.4
2025-11-22,07:19:18,21.4,31.3
2025-11-22,07:19:48,21.4,31.3
2025-11-22,07:20:18,21.4,31.3
2025-11-22,07:20:48,21.4,31.3
2025-11-22,07:21:18,21.4,31.3
2025-11-22,07:21:48,21.4,31.4
2025-11-22,07:22:18,21.3,31.4
2025-11-22,07:22:48,21.3,31.4
2025-11-22,07:23:18,21.3,31.4
2025-11-22,07:23:48,21.3,31.4
2025-11-22,07:24:18,21.3,31.4
2025-11-22,07:24:48,21.3,31.4
2025-11-22,07:25:18,21.2,31.5
2025-11-22,07:25:48,21.2,31.5
2025-11-22,07:26:18,21.2,31.5
2025-11-22,07:26:48,21.2,31.5
2025-11-22,07:27:18,21.2,31.5
2025-11-22,07:27:48,21.2,31.5
2025-11-22,07:28:18,21.3,31.5
2025-11-22,07:28:48,21.3,31.5
2025-11-22,07:29:18,21.3,31.4
2025-11-22,07:29:48,21.3,31.4
2025-11-22,07:30:18,21.3,31.4
2025-11-22,07:30:48,21.4,31.4
2025-11-22,07:31:18,21.3,31.4
2025-11-22,07:31:48,21.3,31.4
2025-11-22,07:32:18,21.2,31.5
2025-11-22,07:32:50,21.2,31.5
2025-11-22,07:33:18,21.2,31.5
2025-11-22,07:33:48,21.2,31.5
2025-11-22,07:34:18,21.2,31.5
2025-11-22,07:34:48,21.3,31.4
2025-11-22,07:35:18,21.3,31.4
2025-11-22,07:35:48,21.3,31.4
2025-11-22,07:36:18,21.3,31.4
2025-11-22,07:36:48,21.2,31.4
2025-11-22,07:37:18,21.3,31.4
2025-11-22,07:37:48,21.3,31.4
2025-11-22,07:38:18,21.3,31.4
2025-11-22,07:38:48,21.3,31.4
2025-11-22,07:39:18,21.3,31.4
2025-11-22,07:39:48,21.3,31.4
2025-11-22,07:40:18,21.3,31.4
2025-11-22,07:40:48,21.4,31.4
2025-11-22,07:41:18,21.4,31.3
2025-11-22,07:41:48,21.4,31.3
2025-11-22,07:42:18,21.3,31.4
2025-11-22,07:42:48,21.2,31.5
2025-11-22,07:43:18,21.1,31.6
2025-11-22,07:43:48,21.1,31.7
2025-11-22,07:44:18,21.1,31.6
2025-11-22,07:44:48,21.1,31.6
2025-11-22,07:45:18,21.1,31.6
2025-11-22,07:45:48,21.1,31.6
2025-11-22,07:46:18,21.2,31.6
2025-11-22,07:46:48,21.2,31.5
2025-11-22,07:47:18,21.2,31.5
2025-11-22,07:47:48,21.2,31.5
2025-11-22,07:48:18,21.2,31.6
2025-11-22,07:48:48,21.2,31.5
2025-11-22,07:49:18,21.3,31.4
2025-11-22,07:49:50,21.3,31.4
2025-11-22,07:50:18,21.3,31.4
2025-11-22,07:50:48,21.3,31.4
2025-11-22,07:51:18,21.3,31.4
2025-11-22,07:51:48,21.3,31.4
2025-11-22,07:52:18,21.2,31.4
2025-11-22,07:52:48,21.2,31.5
2025-11-22,07:53:18,21.1,31.6
2025-11-22,07:53:48,21.1,31.6
2025-11-22,07:54:18,21.1,31.6
2025-11-22,07:54:48,21.1,31.7
2025-11-22,07:55:18,21.1,31.6
2025-11-22,07:55:48,21.1,31.6
2025-11-22,07:56:20,21.0,31.7
2025-11-22,07:56:48,21.0,31.7
2025-11-22,07:57:18,21.0,31.7
2025-11-22,07:57:48,21.0,31.8
2025-11-22,07:58:18,21.0,31.7
2025-11-22,07:58:48,21.1,31.6
2025-11-22,07:59:18,21.2,31.5
2025-11-22,07:59:48,21.3,31.5
2025-11-22,08:00:18,21.3,31.4
2025-11-22,08:00:48,21.3,31.4
2025-11-22,08:01:18,21.3,31.4
2025-11-22,08:01:48,21.3,31.4
2025-11-22,08:02:18,21.3,31.4
2025-11-22,08:02:48,21.2,31.4
2025-11-22,08:03:18,21.2,31.5
2025-11-22,08:03:48,21.2,31.5
2025-11-22,08:04:18,21.2,31.5
2025-11-22,08:04:48,21.2,31.5
2025-11-22,08:05:20,21.2,31.5
2025-11-22,08:05:48,21.2,31.5
2025-11-22,08:06:18,21.3,31.4
2025-11-22,08:06:48,21.2,31.4
2025-11-22,08:07:18,21.2,31.4
2025-11-22,08:07:48,21.2,31.5
2025-11-22,08:08:18,21.2,31.5
2025-11-22,08:08:48,21.2,31.5
2025-11-22,08:09:18,21.2,31.5
2025-11-22,08:09:48,21.2,31.5
2025-11-22,08:10:18,21.2,31.5
2025-11-22,08:10:48,21.2,31.4
2025-11-22,08:11:18,21.3,31.4
2025-11-22,08:11:48,21.3,31.4
2025-11-22,08:12:18,21.4,31.3
2025-11-22,08:12:48,21.4,31.3
2025-11-22,08:13:18,21.3,31.3
2025-11-22,08:13:48,21.2,31.4
2025-11-22,08:14:18,21.3,31.4
2025-11-22,08:14:48,21.3,31.3
2025-11-22,08:15:18,21.3,31.3
2025-11-22,08:15:48,21.3,31.4
2025-11-22,08:16:18,21.3,31.3
2025-11-22,08:16:48,21.3,31.3
2025-11-22,08:17:18,21.2,31.4
2025-11-22,08:17:48,21.2,31.4
2025-11-22,08:18:18,21.1,31.5
2025-11-22,08:18:48,21.1,31.5
2025-11-22,08:19:18,21.2,31.4
2025-11-22,08:19:48,21.2,31.4
2025-11-22,08:20:18,21.2,31.4
2025-11-22,08:20:48,21.3,31.3
2025-11-22,08:21:18,21.3,31.3
2025-11-22,08:21:48,21.3,31.3
2025-11-22,08:22:18,21.3,31.3
2025-11-22,08:22:48,21.3,31.3
2025-11-22,08:23:18,21.3,31.3
2025-11-22,08:23:48,21.2,31.4
2025-11-22,08:24:18,21.2,31.4
2025-11-22,08:24:48,21.1,31.5
2025-11-22,08:25:18,21.2,31.5
2025-11-22,08:25:48,21.2,31.5
2025-11-22,08:26:18,21.2,31.5
2025-11-22,08:26:48,21.2,31.4
2025-11-22,08:27:18,21.2,31.4
2025-11-22,08:27:48,21.2,31.4
2025-11-22,08:28:18,21.2,31.4
2025-11-22,08:28:48,21.2,31.4
2025-11-22,08:29:18,21.2,31.4
2025-11-22,08:29:48,21.3,31.4
2025-11-22,08:30:18,21.3,31.4
2025-11-22,08:30:50,21.4,31.2
2025-11-22,08:31:18,21.4,31.2
2025-11-22,08:31:48,21.5,31.1
2025-11-22,08:32:18,21.6,31.1
2025-11-22,08:32:48,21.6,31.0
2025-11-22,08:33:18,21.5,31.1
2025-11-22,08:33:48,21.5,31.1
2025-11-22,08:34:18,21.4,31.2
2025-11-22,08:34:48,21.3,31.2
2025-11-22,08:35:18,21.3,31.3
2025-11-22,08:35:48,21.2,31.4
2025-11-22,08:36:18,21.2,31.4
2025-11-22,08:36:48,21.2,31.4
2025-11-22,08:37:18,21.2,31.4
2025-11-22,08:37:48,21.2,31.3
2025-11-22,08:38:18,21.2,31.4
2025-11-22,08:38:48,21.1,31.5
2025-11-22,08:39:18,21.1,31.5
2025-11-22,08:39:48,21.1,31.5
2025-11-22,08:40:18,21.1,31.5
2025-11-22,08:40:48,21.1,31.5
2025-11-22,08:41:18,21.1,31.5
2025-11-22,08:41:48,21.2,31.4
2025-11-22,08:42:18,21.2,31.4
2025-11-22,08:42:48,21.3,31.3
2025-11-22,08:43:18,21.3,31.3
2025-11-22,08:43:50,21.2,31.4
2025-11-22,08:44:18,21.2,31.3
2025-11-22,08:44:48,21.1,31.4
2025-11-22,08:45:18,21.1,31.5
2025-11-22,08:45:48,21.0,31.6
2025-11-22,08:46:18,21.0,31.6
2025-11-22,08:46:48,21.0,31.6
2025-11-22,08:47:18,21.1,31.6
2025-11-22,08:47:48,21.1,31.5
2025-11-22,08:48:18,21.1,31.5
2025-11-22,08:48:50,21.1,31.5
2025-11-22,08:49:18,21.1,31.5
2025-11-22,08:49:48,21.1,31.5
2025-11-22,08:50:18,21.1,31.5
2025-11-22,08:50:48,21.2,31.5
2025-11-22,08:51:18,21.3,31.4
2025-11-22,08:51:48,21.3,31.3
2025-11-22,08:52:18,21.3,31.3
2025-11-22,08:52:48,21.4,31.2
2025-11-22,08:53:18,21.4,31.2
2025-11-22,08:53:48,21.3,31.2
2025-11-22,08:54:18,21.2,31.3
2025-11-22,08:54:48,21.1,31.4
2025-11-22,08:55:18,21.1,31.5
2025-11-22,08:55:48,21.1,31.5
2025-11-22,08:56:18,21.1,31.5
2025-11-22,08:56:50,21.1,31.4
2025-11-22,08:57:18,21.1,31.4
2025-11-22,08:57:48,21.2,31.4
2025-11-22,08:58:18,21.2,31.4
2025-11-22,08:58:48,21.2,31.4
2025-11-22,08:59:18,21.1,31.5
2025-11-22,08:59:48,21.1,31.5
2025-11-22,09:00:18,21.1,31.5
2025-11-22,09:00:48,21.2,31.4
2025-11-22,09:01:20,21.2,31.4
2025-11-22,09:01:48,21.3,31.4
2025-11-22,09:02:18,21.3,31.3
2025-11-22,09:02:48,21.3,31.3
2025-11-22,09:03:18,21.4,31.2
2025-11-22,09:03:48,21.4,31.2
2025-11-22,09:04:18,21.3,31.2
2025-11-22,09:04:48,21.3,31.3
2025-11-22,09:05:18,21.2,31.4
2025-11-22,09:05:48,21.1,31.5
2025-11-22,09:06:18,21.1,31.5
2025-11-22,09:06:48,21.1,31.5
2025-11-22,09:07:18,21.1,31.5
2025-11-22,09:07:48,21.1,31.5
2025-11-22,09:08:18,21.2,31.4
2025-11-22,09:08:48,21.2,31.4
2025-11-22,09:09:18,21.2,31.4
2025-11-22,09:09:48,21.1,31.4
2025-11-22,09:10:18,21.1,31.5
2025-11-22,09:10:48,21.1,31.5
2025-11-22,09:11:18,21.2,31.5
2025-11-22,09:11:48,21.2,31.4
2025-11-22,09:12:18,21.2,31.4
2025-11-22,09:12:48,21.2,31.4
2025-11-22,09:13:18,21.3,31.4
2025-11-22,09:13:48,21.3,31.3
2025-11-22,09:14:20,21.5,31.1
2025-11-22,09:14:48,21.5,31.1
2025-11-22,09:15:18,21.4,31.1
2025-11-22,09:15:48,21.3,31.2
2025-11-22,09:16:18,21.2,31.3
2025-11-22,09:16:48,21.2,31.4
2025-11-22,09:17:18,21.2,31.4
2025-11-22,09:17:48,21.2,31.4
2025-11-22,09:18:18,21.3,31.4
2025-11-22,09:18:48,21.2,31.3
2025-11-22,09:19:18,21.2,31.4
2025-11-22,09:19:48,21.2,31.4
2025-11-22,09:20:18,21.1,31.4
2025-11-22,09:20:48,21.1,31.5
2025-11-22,09:21:18,21.1,31.4
2025-11-22,09:21:48,21.2,31.4
2025-11-22,09:22:18,21.2,31.4
2025-11-22,09:22:48,21.2,31.4
2025-11-22,09:23:18,21.3,31.4
2025-11-22,09:23:48,21.3,31.3
2025-11-22,09:24:18,21.3,31.3
2025-11-22,09:24:48,21.3,31.3
2025-11-22,09:25:18,21.2,31.3
2025-11-22,09:25:48,21.2,31.4
2025-11-22,09:26:18,21.1,31.4
2025-11-22,09:26:48,21.1,31.5
2025-11-22,09:27:18,21.0,31.5
2025-11-22,09:27:48,21.0,31.5
2025-11-22,09:28:18,21.1,31.6
2025-11-22,09:28:48,21.1,31.6
2025-11-22,09:29:18,21.0,31.6
2025-11-22,09:29:48,21.0,31.5
2025-11-22,09:30:18,21.0,31.5
2025-11-22,09:30:48,21.0,31.6
2025-11-22,09:31:18,21.0,31.6
2025-11-22,09:31:48,21.0,31.6
2025-11-22,09:32:18,21.1,31.5
2025-11-22,09:32:48,21.2,31.5
2025-11-22,09:33:18,21.2,31.4
2025-11-22,09:33:48,21.3,31.4
2025-11-22,09:34:18,21.3,31.3
2025-11-22,09:34:48,21.3,31.3
2025-11-22,09:35:18,21.4,31.2
2025-11-22,09:35:48,21.4,31.2
2025-11-22,09:36:20,21.2,31.3
2025-11-22,09:36:48,21.2,31.3
2025-11-22,09:37:18,21.2,31.4
2025-11-22,09:37:48,21.1,31.5
2025-11-22,09:38:18,21.0,31.5
2025-11-22,09:38:48,21.0,31.6
2025-11-22,09:39:18,21.0,31.6
2025-11-22,09:39:48,21.0,31.7
2025-11-22,09:40:18,21.0,31.6
2025-11-22,09:40:48,21.0,31.6
2025-11-22,09:41:18,21.0,31.6
2025-11-22,09:41:48,21.0,31.6
2025-11-22,09:42:18,21.0,31.6
2025-11-22,09:42:48,21.0,31.6
2025-11-22,09:43:18,21.1,31.6
2025-11-22,09:43:48,21.1,31.6
2025-11-22,09:44:18,21.1,31.5
2025-11-22,09:44:48,21.2,31.5
2025-11-22,09:45:18,21.2,31.4
2025-11-22,09:45:48,21.2,31.4
2025-11-22,09:46:18,21.2,31.3
2025-11-22,09:46:48,21.2,31.4
2025-11-22,09:47:18,21.2,31.4
2025-11-22,09:47:48,21.1,31.5
2025-11-22,09:48:18,21.2,31.5
2025-11-22,09:48:48,21.1,31.4
2025-11-22,09:49:18,21.1,31.5
2025-11-22,09:49:48,21.2,31.5
2025-11-22,09:50:18,21.2,31.5
2025-11-22,09:50:48,21.2,31.5
2025-11-22,09:51:18,21.1,31.5
2025-11-22,09:51:48,21.1,31.5
2025-11-22,09:52:18,21.0,31.6
2025-11-22,09:52:48,21.0,31.6
2025-11-22,09:53:18,21.0,31.6
2025-11-22,09:53:48,21.1,31.6
2025-11-22,09:54:20,21.3,31.4
2025-11-22,09:54:48,21.3,31.4
2025-11-22,09:55:18,21.4,31.3
2025-11-22,09:55:48,21.5,31.2
2025-11-22,09:56:18,21.6,31.1
2025-11-22,09:56:48,21.6,31.0
2025-11-22,09:57:18,21.7,30.9
2025-11-22,09:57:48,21.6,31.0
2025-11-22,09:58:18,21.5,31.1
2025-11-22,09:58:48,21.4,31.1
2025-11-22,09:59:18,21.4,31.2
2025-11-22,09:59:48,21.4,31.2
2025-11-22,10:00:18,21.4,31.2
2025-11-22,10:00:48,21.4,31.2
2025-11-22,10:01:18,21.4,31.2
2025-11-22,10:01:48,21.3,31.3
2025-11-22,10:02:18,21.2,31.4
2025-11-22,10:02:48,21.2,31.4
2025-11-22,10:03:18,21.3,31.3
2025-11-22,10:03:48,21.3,31.3
2025-11-22,10:04:18,21.3,31.3
2025-11-22,10:04:48,21.3,31.3
2025-11-22,10:05:18,21.4,31.2
2025-11-22,10:05:48,21.5,31.2
2025-11-22,10:06:18,21.5,31.1
2025-11-22,10:06:48,21.5,31.1
2025-11-22,10:07:18,21.5,31.1
2025-11-22,10:07:48,21.4,31.1
2025-11-22,10:08:18,21.3,31.2
2025-11-22,10:08:48,21.3,31.3
2025-11-22,10:09:18,21.2,31.4
2025-11-22,10:09:48,21.2,31.4
2025-11-22,10:10:18,21.2,31.5
2025-11-22,10:10:48,21.2,31.4
2025-11-22,10:11:18,21.2,31.4
2025-11-22,10:11:50,21.2,31.5
2025-11-22,10:12:18,21.2,31.4
2025-11-22,10:12:48,21.1,31.5
2025-11-22,10:13:18,21.1,31.6
2025-11-22,10:13:48,21.1,31.6
2025-11-22,10:14:18,21.1,31.5
2025-11-22,10:14:48,21.1,31.5
2025-11-22,10:15:18,21.2,31.5
2025-11-22,10:15:48,21.2,31.5
2025-11-22,10:16:20,21.2,31.4
2025-11-22,10:16:48,21.2,31.5
2025-11-22,10:17:20,21.3,31.4
2025-11-22,10:17:50,21.2,31.4
2025-11-22,10:18:18,21.2,31.4
2025-11-22,10:18:48,21.2,31.5
2025-11-22,10:19:18,21.1,31.6
2025-11-22,10:19:48,21.0,31.6
2025-11-22,10:20:18,21.0,31.7
2025-11-22,10:20:48,21.0,31.7
2025-11-22,10:21:18,21.0,31.7
2025-11-22,10:21:48,21.0,31.7
2025-11-22,10:22:18,21.0,31.7
2025-11-22,10:22:48,21.0,31.7
2025-11-22,10:23:18,21.0,31.7
2025-11-22,10:23:48,21.0,31.7
2025-11-22,10:24:18,21.0,31.7
2025-11-22,10:24:48,21.0,31.7
2025-11-22,10:25:18,21.0,31.7
2025-11-22,10:25:48,21.1,31.6
2025-11-22,10:26:18,21.2,31.6
2025-11-22,10:26:50,21.4,31.3
2025-11-22,10:27:18,21.4,31.3
2025-11-22,10:27:48,21.4,31.2
2025-11-22,10:28:18,21.5,31.2
2025-11-22,10:28:48,21.5,31.2
2025-11-22,10:29:18,21.4,31.2
2025-11-22,10:29:48,21.3,31.3
2025-11-22,10:30:18,21.2,31.4
2025-11-22,10:30:48,21.1,31.5
2025-11-22,10:31:18,21.1,31.5
2025-11-22,10:31:48,21.1,31.5
2025-11-22,10:32:18,21.1,31.5
2025-11-22,10:32:48,21.2,31.5
2025-11-22,10:33:18,21.2,31.4
2025-11-22,10:33:48,21.2,31.5
2025-11-22,10:34:18,21.1,31.5
2025-11-22,10:34:48,21.2,31.5
2025-11-22,10:35:18,21.2,31.4
2025-11-22,10:35:48,21.3,31.3
2025-11-22,10:36:18,21.3,31.3
2025-11-22,10:36:48,21.4,31.3
2025-11-22,10:37:18,21.4,31.2
2025-11-22,10:37:48,21.5,31.1
2025-11-22,10:38:18,21.5,31.1
2025-11-22,10:38:48,21.5,31.1
2025-11-22,10:39:18,21.5,31.0
2025-11-22,10:39:48,21.6,31.0
2025-11-22,10:40:18,21.6,31.0
2025-11-22,10:40:48,21.7,30.9
2025-11-22,10:41:18,21.7,30.9
2025-11-22,10:41:48,21.7,30.8
2025-11-22,10:42:18,21.8,30.7
2025-11-22,10:42:48,21.8,30.8
2025-11-22,10:43:18,21.8,30.8
2025-11-22,10:43:48,21.8,30.7
2025-11-22,10:44:18,21.8,30.7
2025-11-22,10:44:48,21.8,30.7
2025-11-22,10:45:18,21.8,30.7
2025-11-22,10:45:48,21.8,30.7
2025-11-22,10:46:18,21.8,30.8
2025-11-22,10:46:48,21.8,30.7
2025-11-22,10:47:18,21.8,30.7
2025-11-22,10:47:48,21.8,30.7
2025-11-22,10:48:18,21.8,30.8
2025-11-22,10:48:48,21.8,30.7
2025-11-22,10:49:18,21.9,30.7
2025-11-22,10:49:48,21.9,30.7
2025-11-22,10:50:18,21.9,30.6
2025-11-22,10:50:48,21.9,30.5
2025-11-22,10:51:18,21.9,30.6
2025-11-22,10:51:50,21.9,30.6
2025-11-22,10:52:18,22.0,30.5
2025-11-22,10:52:48,21.9,30.5
2025-11-22,10:53:18,21.9,30.6
2025-11-22,10:53:48,21.9,30.6
2025-11-22,10:54:18,21.9,30.6
2025-11-22,10:54:48,21.9,30.6
2025-11-22,10:55:18,21.9,30.6
2025-11-22,10:55:48,21.9,30.6
2025-11-22,10:56:18,21.9,30.7
2025-11-22,10:56:48,21.9,30.6
2025-11-22,10:57:18,21.9,30.6
2025-11-22,10:57:48,21.9,30.6
2025-11-22,10:58:18,21.9,30.7
2025-11-22,10:58:48,21.9,30.6
2025-11-22,10:59:18,21.8,30.7
2025-11-22,10:59:48,21.9,30.7
2025-11-22,11:00:18,21.9,30.7
2025-11-22,11:00:48,21.9,30.7
2025-11-22,11:01:18,21.9,30.5
2025-11-22,11:01:48,21.9,30.5
2025-11-22,11:02:18,21.9,30.5
2025-11-22,11:02:48,21.9,30.5
2025-11-22,11:03:18,21.9,30.6
2025-11-22,11:03:48,21.8,30.7
2025-11-22,11:04:18,21.7,30.8
2025-11-22,11:04:48,21.7,30.8
2025-11-22,11:05:18,21.8,30.8
2025-11-22,11:05:48,21.8,30.8
2025-11-22,11:06:18,21.8,30.8
2025-11-22,11:06:48,21.8,30.8
2025-11-22,11:07:18,21.7,30.8
2025-11-22,11:07:48,21.6,30.9
2025-11-22,11:08:18,21.6,30.9
2025-11-22,11:08:48,21.6,31.0
2025-11-22,11:09:18,21.6,31.0
2025-11-22,11:09:48,21.6,31.0
2025-11-22,11:10:18,21.5,31.1
2025-11-22,11:10:48,21.4,31.1
2025-11-22,11:11:18,21.4,31.2
2025-11-22,11:11:48,21.4,31.1
2025-11-22,11:12:18,21.5,31.2
2025-11-22,11:12:48,21.5,31.1
2025-11-22,11:13:18,21.4,31.1
2025-11-22,11:13:48,21.4,31.2
2025-11-22,11:14:18,21.3,31.3
2025-11-22,11:14:48,21.3,31.3
2025-11-22,11:15:18,21.3,31.3
2025-11-22,11:15:48,21.3,31.3
2025-11-22,11:16:18,21.3,31.3
2025-11-22,11:16:48,21.3,31.3
2025-11-22,11:17:18,21.4,31.3
2025-11-22,11:17:48,21.4,31.2
2025-11-22,11:18:18,21.3,31.3
2025-11-22,11:18:48,21.3,31.3
2025-11-22,11:19:18,21.2,31.4
2025-11-22,11:19:48,21.2,31.4
2025-11-22,11:20:18,21.2,31.4
2025-11-22,11:20:50,21.2,31.4
2025-11-22,11:21:18,21.3,31.4
2025-11-22,11:21:48,21.2,31.4
2025-11-22,11:22:18,21.3,31.4
2025-11-22,11:22:48,21.3,31.4
2025-11-22,11:23:18,21.3,31.4
2025-11-22,11:23:48,21.3,31.3
2025-11-22,11:24:18,21.3,31.4
2025-11-22,11:24:48,21.2,31.4
2025-11-22,11:25:18,21.2,31.4
2025-11-22,11:25:50,21.2,31.5
2025-11-22,11:26:18,21.2,31.5
2025-11-22,11:26:48,21.2,31.5
2025-11-22,11:27:18,21.2,31.4
2025-11-22,11:27:48,21.3,31.4
2025-11-22,11:28:18,21.3,31.4
2025-11-22,11:28:48,21.3,31.3
2025-11-22,11:29:18,21.3,31.3
2025-11-22,11:29:48,21.3,31.3
2025-11-22,11:30:18,21.3,31.4
2025-11-22,11:30:48,21.2,31.4
2025-11-22,11:31:20,21.2,31.4
2025-11-22,11:31:48,21.3,31.4
2025-11-22,11:32:18,21.2,31.4
2025-11-22,11:32:48,21.2,31.4
2025-11-22,11:33:18,21.3,31.4
2025-11-22,11:33:48,21.2,31.4
2025-11-22,11:34:18,21.2,31.4
2025-11-22,11:34:48,21.2,31.4
2025-11-22,11:35:18,21.2,31.4
2025-11-22,11:35:48,21.1,31.5
2025-11-22,11:36:18,21.1,31.5
2025-11-22,11:36:48,21.1,31.5
2025-11-22,11:37:18,21.2,31.5
2025-11-22,11:37:48,21.3,31.4
2025-11-22,11:38:18,21.3,31.4
2025-11-22,11:38:48,21.4,31.2
2025-11-22,11:39:18,21.5,31.1
2025-11-22,11:39:48,21.6,31.0
2025-11-22,11:40:18,21.5,31.1
2025-11-22,11:40:48,21.4,31.2
2025-11-22,11:41:18,21.2,31.3
2025-11-22,11:41:48,21.1,31.4
2025-11-22,11:42:18,21.1,31.5
2025-11-22,11:42:48,21.1,31.4
2025-11-22,11:43:18,21.2,31.4
2025-11-22,11:43:48,21.2,31.4
2025-11-22,11:44:18,21.2,31.4
2025-11-22,11:44:48,21.1,31.4
2025-11-22,11:45:18,21.1,31.5
2025-11-22,11:45:48,21.1,31.5
2025-11-22,11:46:18,21.1,31.5
2025-11-22,11:46:48,21.1,31.5
2025-11-22,11:47:18,21.2,31.4
2025-11-22,11:47:48,21.2,31.4
2025-11-22,11:48:20,21.3,31.3
2025-11-22,11:48:48,21.3,31.3
2025-11-22,11:49:18,21.3,31.3
2025-11-22,11:49:48,21.3,31.3
2025-11-22,11:50:18,21.3,31.3
2025-11-22,11:50:48,21.2,31.4
2025-11-22,11:51:18,21.1,31.5
2025-11-22,11:51:48,21.0,31.5
2025-11-22,11:52:18,21.0,31.5
2025-11-22,11:52:48,21.0,31.6
2025-11-22,11:53:18,21.0,31.6
2025-11-22,11:53:48,21.1,31.5
2025-11-22,11:54:18,21.1,31.5
2025-11-22,11:54:48,21.1,31.5
2025-11-22,11:55:18,21.0,31.5
2025-11-22,11:55:48,21.1,31.5
2025-11-22,11:56:18,21.1,31.5
2025-11-22,11:56:48,21.1,31.4
2025-11-22,11:57:18,21.2,31.4
2025-11-22,11:57:48,21.2,31.4
2025-11-22,11:58:18,21.2,31.4
2025-11-22,11:58:48,21.2,31.3
2025-11-22,11:59:18,21.3,31.3
2025-11-22,11:59:48,21.3,31.3
2025-11-22,12:00:18,21.2,31.3
2025-11-22,12:00:48,21.2,31.3
2025-11-22,12:01:18,21.1,31.4
2025-11-22,12:01:48,21.1,31.4
2025-11-22,12:02:18,21.1,31.4
2025-11-22,12:02:48,21.2,31.4
2025-11-22,12:03:18,21.2,31.3
2025-11-22,12:03:48,21.2,31.3
2025-11-22,12:04:18,21.2,31.3
2025-11-22,12:04:48,21.2,31.3
2025-11-22,12:05:18,21.2,31.3
2025-11-22,12:05:48,21.2,31.3
2025-11-22,12:06:18,21.1,31.4
2025-11-22,12:06:48,21.1,31.4
2025-11-22,12:07:18,21.2,31.4
2025-11-22,12:07:48,21.2,31.4
2025-11-22,12:08:18,21.2,31.3
2025-11-22,12:08:48,21.2,31.3
2025-11-22,12:09:18,21.2,31.3
2025-11-22,12:09:48,21.2,31.3
2025-11-22,12:10:18,21.2,31.3
2025-11-22,12:10:48,21.2,31.2
2025-11-22,12:11:18,21.1,31.3
2025-11-22,12:11:48,21.0,31.4
2025-11-22,12:12:18,21.0,31.5
2025-11-22,12:12:48,21.1,31.4
2025-11-22,12:13:18,21.1,31.4
2025-11-22,12:13:48,21.1,31.3
2025-11-22,12:14:18,21.1,31.3
2025-11-22,12:14:48,21.2,31.3
2025-11-22,12:15:18,21.2,31.3
2025-11-22,12:15:48,21.1,31.3
2025-11-22,12:16:18,21.1,31.3
2025-11-22,12:16:48,21.2,31.3
2025-11-22,12:17:18,21.2,31.3
2025-11-22,12:17:48,21.2,31.2
2025-11-22,12:18:18,21.2,31.2
2025-11-22,12:18:48,21.2,31.2
2025-11-22,12:19:18,21.2,31.2
2025-11-22,12:19:48,21.3,31.2
2025-11-22,12:20:18,21.3,31.2
2025-11-22,12:20:48,21.3,31.1
2025-11-22,12:21:18,21.3,31.1
2025-11-22,12:21:48,21.2,31.2
2025-11-22,12:22:18,21.2,31.3
2025-11-22,12:22:48,21.2,31.2
2025-11-22,12:23:20,21.3,31.2
2025-11-22,12:23:48,21.3,31.2
2025-11-22,12:24:18,21.2,31.2
2025-11-22,12:24:48,21.3,31.2
2025-11-22,12:25:18,21.3,31.2
2025-11-22,12:25:48,21.2,31.2
2025-11-22,12:26:18,21.2,31.2
2025-11-22,12:26:48,21.1,31.3
2025-11-22,12:27:18,21.1,31.3
2025-11-22,12:27:48,21.2,31.2
2025-11-22,12:28:18,21.2,31.2
2025-11-22,12:28:48,21.2,31.1
2025-11-22,12:29:18,21.2,31.2
2025-11-22,12:29:48,21.3,31.1
2025-11-22,12:30:18,21.3,31.1
2025-11-22,12:30:48,21.3,31.1
2025-11-22,12:31:18,21.3,31.1
2025-11-22,12:31:48,21.3,31.1
2025-11-22,12:32:18,21.2,31.1
2025-11-22,12:32:48,21.2,31.2
2025-11-22,12:33:18,21.2,31.2
2025-11-22,12:33:48,21.2,31.2
2025-11-22,12:34:18,21.2,31.2
2025-11-22,12:34:48,21.3,31.1
2025-11-22,12:35:18,21.2,31.1
2025-11-22,12:35:48,21.2,31.1
2025-11-22,12:36:18,21.1,31.2
2025-11-22,12:36:48,21.1,31.3
2025-11-22,12:37:20,21.1,31.3
2025-11-22,12:37:48,21.1,31.3
2025-11-22,12:38:18,21.1,31.3
2025-11-22,12:38:48,21.1,31.3
2025-11-22,12:39:18,21.2,31.2
2025-11-22,12:39:48,21.2,31.2
2025-11-22,12:40:18,21.2,31.2
2025-11-22,12:40:50,21.4,31.0
2025-11-22,12:41:18,21.4,31.0
2025-11-22,12:41:48,21.5,31.0
2025-11-22,12:42:18,21.5,30.9
2025-11-22,12:42:48,21.4,30.9
2025-11-22,12:43:18,21.3,31.0
2025-11-22,12:43:48,21.2,31.1
2025-11-22,12:44:18,21.2,31.1
2025-11-22,12:44:48,21.2,31.2
2025-11-22,12:45:18,21.2,31.1
2025-11-22,12:45:48,21.2,31.1
2025-11-22,12:46:18,21.1,31.2
2025-11-22,12:46:48,21.1,31.2
2025-11-22,12:47:18,21.0,31.3
2025-11-22,12:47:48,21.1,31.3
2025-11-22,12:48:18,21.0,31.3
2025-11-22,12:48:48,21.1,31.3
2025-11-22,12:49:18,21.1,31.2
2025-11-22,12:49:48,21.2,31.2
2025-11-22,12:50:18,21.2,31.1
2025-11-22,12:50:48,21.3,31.1
2025-11-22,12:51:18,21.3,31.0
2025-11-22,12:51:48,21.4,31.0
2025-11-22,12:52:18,21.4,30.9
2025-11-22,12:52:48,21.4,30.9
2025-11-22,12:53:18,21.3,31.0
2025-11-22,12:53:48,21.2,31.1
2025-11-22,12:54:18,21.2,31.2
2025-11-22,12:54:48,21.1,31.2
2025-11-22,12:55:18,21.1,31.2
2025-11-22,12:55:48,21.1,31.2
2025-11-22,12:56:18,21.1,31.2
2025-11-22,12:56:48,21.1,31.3
2025-11-22,12:57:18,21.1,31.2
2025-11-22,12:57:48,21.1,31.2
2025-11-22,12:58:18,21.0,31.3
2025-11-22,12:58:48,21.0,31.3
2025-11-22,12:59:18,21.0,31.3
2025-11-22,12:59:48,21.0,31.3
2025-11-22,13:00:18,21.1,31.3
2025-11-22,13:00:48,21.1,31.2
2025-11-22,13:01:18,21.1,31.2
2025-11-22,13:01:48,21.2,31.1
2025-11-22,13:02:18,21.3,31.1
2025-11-22,13:02:48,21.3,31.0
2025-11-22,13:03:18,21.2,31.1
2025-11-22,13:03:48,21.2,31.1
2025-11-22,13:04:18,21.2,31.1
2025-11-22,13:04:48,21.2,31.1
2025-11-22,13:05:18,21.2,31.1
2025-11-22,13:05:48,21.2,31.1
2025-11-22,13:06:18,21.2,31.0
2025-11-22,13:06:48,21.2,31.0
2025-11-22,13:07:18,21.2,31.0
2025-11-22,13:07:48,21.2,31.1
2025-11-22,13:08:18,21.1,31.2
2025-11-22,13:08:48,21.1,31.2
2025-11-22,13:09:18,21.1,31.2
2025-11-22,13:09:48,21.1,31.2
2025-11-22,13:10:18,21.1,31.2
2025-11-22,13:10:48,21.2,31.1
2025-11-22,13:11:18,21.2,31.2
2025-11-22,13:11:48,21.2,31.1
2025-11-22,13:12:18,21.3,31.1
2025-11-22,13:12:48,21.3,31.1
2025-11-22,13:13:18,21.3,31.0
2025-11-22,13:13:48,21.2,31.1
2025-11-22,13:14:18,21.1,31.1
2025-11-22,13:14:48,21.1,31.2
2025-11-22,13:15:18,21.1,31.2
2025-11-22,13:15:48,21.1,31.2
2025-11-22,13:16:18,21.1,31.2
2025-11-22,13:16:48,21.2,31.1
2025-11-22,13:17:18,21.2,31.1
2025-11-22,13:17:48,21.2,31.1
2025-11-22,13:18:18,21.2,31.1
2025-11-22,13:18:48,21.1,31.1
2025-11-22,13:19:18,21.1,31.1
2025-11-22,13:19:48,21.1,31.1
2025-11-22,13:20:18,21.1,31.1
2025-11-22,13:20:48,21.2,31.2
2025-11-22,13:21:18,21.2,31.1
2025-11-22,13:21:50,21.2,31.1
2025-11-22,13:22:18,21.3,31.1
2025-11-22,13:22:48,21.3,31.0
2025-11-22,13:23:18,21.3,31.0
2025-11-22,13:23:48,21.3,31.0
2025-11-22,13:24:18,21.3,30.9
2025-11-22,13:24:48,21.3,31.0
2025-11-22,13:25:18,21.2,31.0
2025-11-22,13:25:48,21.2,31.1
2025-11-22,13:26:18,21.2,31.1
2025-11-22,13:26:48,21.2,31.1
2025-11-22,13:27:18,21.2,31.1
2025-11-22,13:27:48,21.2,31.0
2025-11-22,13:28:18,21.1,31.1
2025-11-22,13:28:48,21.1,31.2
2025-11-22,13:29:18,21.1,31.2
2025-11-22,13:29:48,21.1,31.2
2025-11-22,13:30:18,21.1,31.1
2025-11-22,13:30:48,21.1,31.1
2025-11-22,13:31:20,21.2,31.1
2025-11-22,13:31:48,21.1,31.1
2025-11-22,13:32:18,21.2,31.1
2025-11-22,13:32:48,21.2,31.0
2025-11-22,13:33:18,21.3,31.0
2025-11-22,13:33:48,21.3,31.0
2025-11-22,13:34:18,21.3,30.9
2025-11-22,13:34:48,21.2,31.0
2025-11-22,13:35:18,21.1,31.1
2025-11-22,13:35:48,21.0,31.2
2025-11-22,13:36:18,21.0,31.2
2025-11-22,13:36:48,21.0,31.3
2025-11-22,13:37:18,21.0,31.3
2025-11-22,13:37:48,21.0,31.3
2025-11-22,13:38:18,20.9,31.3
2025-11-22,13:38:48,20.9,31.3
2025-11-22,13:39:18,20.9,31.3
2025-11-22,13:39:48,20.9,31.3
2025-11-22,13:40:18,20.9,31.3
2025-11-22,13:40:48,20.9,31.3
2025-11-22,13:41:18,21.0,31.3
2025-11-22,13:41:48,21.0,31.3
2025-11-22,13:42:18,21.0,31.2
2025-11-22,13:42:48,21.1,31.2
2025-11-22,13:43:18,21.2,31.1
2025-11-22,13:43:48,21.2,31.1
2025-11-22,13:44:18,21.2,31.0
2025-11-22,13:44:48,21.2,31.0
2025-11-22,13:45:18,21.1,31.0
2025-11-22,13:45:50,21.0,31.2
2025-11-22,13:46:18,21.0,31.2
2025-11-22,13:46:48,21.0,31.2
2025-11-22,13:47:18,21.0,31.2
2025-11-22,13:47:48,21.0,31.2
2025-11-22,13:48:18,21.0,31.2
2025-11-22,13:48:48,21.0,31.2
2025-11-22,13:49:18,21.1,31.2
2025-11-22,13:49:48,21.1,31.1
2025-11-22,13:50:18,21.1,31.1
2025-11-22,13:50:48,21.1,31.1
2025-11-22,13:51:18,21.0,31.2
2025-11-22,13:51:48,21.1,31.1
2025-11-22,13:52:18,21.1,31.1
2025-11-22,13:52:48,21.1,31.1
2025-11-22,13:53:18,21.1,31.1
2025-11-22,13:53:48,21.1,31.1
2025-11-22,13:54:18,21.2,31.1
2025-11-22,13:54:48,21.2,31.0
2025-11-22,13:55:18,21.2,31.0
2025-11-22,13:55:48,21.3,31.0
2025-11-22,13:56:18,21.3,30.9
2025-11-22,13:56:48,21.3,30.8
2025-11-22,13:57:18,21.3,30.9
2025-11-22,13:57:48,21.3,30.9
2025-11-22,13:58:18,21.3,30.9
2025-11-22,13:58:48,21.3,30.9
2025-11-22,13:59:18,21.2,30.9
2025-11-22,13:59:48,21.3,30.9
2025-11-22,14:00:18,21.2,30.9
2025-11-22,14:00:48,21.2,30.9
2025-11-22,14:01:18,21.2,31.0
2025-11-22,14:01:48,21.2,31.0
2025-11-22,14:02:18,21.2,31.0
2025-11-22,14:02:48,21.2,31.0
2025-11-22,14:03:18,21.2,31.0
2025-11-22,14:03:48,21.2,31.0
2025-11-22,14:04:18,21.2,31.0
2025-11-22,14:04:48,21.2,30.9
2025-11-22,14:05:18,21.3,30.9
2025-11-22,14:05:48,21.5,30.8
2025-11-22,14:06:18,21.5,30.6
2025-11-22,14:06:48,21.5,30.7
2025-11-22,14:07:18,21.4,30.7
2025-11-22,14:07:48,21.3,30.8
2025-11-22,14:08:18,21.2,30.9
2025-11-22,14:08:48,21.2,30.9
2025-11-22,14:09:18,21.2,30.9
2025-11-22,14:09:48,21.2,30.9
2025-11-22,14:10:18,21.2,30.9
2025-11-22,14:10:48,21.2,31.0
2025-11-22,14:11:18,21.1,31.1
2025-11-22,14:11:48,21.0,31.1
2025-11-22,14:12:18,21.0,31.2
2025-11-22,14:12:48,21.0,31.1
2025-11-22,14:13:18,21.0,31.2
2025-11-22,14:13:48,21.1,31.1
2025-11-22,14:14:20,21.1,31.1
2025-11-22,14:14:48,21.2,31.1
2025-11-22,14:15:18,21.2,31.1
2025-11-22,14:15:48,21.3,31.0
2025-11-22,14:16:18,21.4,30.8
2025-11-22,14:16:48,21.5,30.7
2025-11-22,14:17:18,21.4,30.7
2025-11-22,14:17:48,21.3,30.8
2025-11-22,14:18:18,21.2,31.0
2025-11-22,14:18:48,21.2,31.0
2025-11-22,14:19:18,21.2,31.0
2025-11-22,14:19:48,21.2,31.0
2025-11-22,14:20:18,21.2,31.0
2025-11-22,14:20:48,21.2,31.0
2025-11-22,14:21:18,21.2,31.0
2025-11-22,14:21:48,21.2,31.0
2025-11-22,14:22:18,21.2,31.0
2025-11-22,14:22:48,21.2,31.0
2025-11-22,14:23:18,21.1,31.0
2025-11-22,14:23:48,21.1,31.1
2025-11-22,14:24:18,21.1,31.1
2025-11-22,14:24:48,21.2,31.0
2025-11-22,14:25:18,21.2,31.0
2025-11-22,14:25:50,21.3,30.9
2025-11-22,14:26:18,21.3,30.9
2025-11-22,14:26:48,21.3,30.9
2025-11-22,14:27:18,21.3,30.9
2025-11-22,14:27:48,21.2,30.9
2025-11-22,14:28:18,21.1,31.0
2025-11-22,14:28:48,21.1,31.1
2025-11-22,14:29:18,21.0,31.1
2025-11-22,14:29:48,21.1,31.1
2025-11-22,14:30:18,21.1,31.1
2025-11-22,14:30:48,21.1,31.1
2025-11-22,14:31:18,21.1,31.0
2025-11-22,14:31:48,21.1,31.0
2025-11-22,14:32:18,21.1,31.0
2025-11-22,14:32:48,21.1,31.1
2025-11-22,14:33:18,21.1,31.0
2025-11-22,14:33:48,21.1,31.0
2025-11-22,14:34:18,21.1,31.0
2025-11-22,14:34:48,21.2,31.0
2025-11-22,14:35:18,21.2,31.0
2025-11-22,14:35:48,21.3,30.9
2025-11-22,14:36:18,21.3,30.9
2025-11-22,14:36:48,21.3,30.8
2025-11-22,14:37:18,21.4,30.8
2025-11-22,14:37:48,21.4,30.8
2025-11-22,14:38:18,21.3,30.8
2025-11-22,14:38:48,21.2,30.9
2025-11-22,14:39:18,21.2,30.9
2025-11-22,14:39:48,21.2,30.9
2025-11-22,14:40:18,21.3,30.9
2025-11-22,14:40:48,21.3,30.8
2025-11-22,14:41:18,21.2,30.9
2025-11-22,14:41:48,21.2,30.9
2025-11-22,14:42:18,21.2,30.9
2025-11-22,14:42:48,21.2,30.9
2025-11-22,14:43:18,21.2,30.9
2025-11-22,14:43:48,21.2,30.9
2025-11-22,14:44:18,21.2,30.9
2025-11-22,14:44:48,21.2,30.9
2025-11-22,14:45:18,21.2,30.9
2025-11-22,14:45:48,21.2,30.9
2025-11-22,14:46:18,21.2,30.9
2025-11-22,14:46:48,21.3,30.9
2025-11-22,14:47:18,21.3,30.9
2025-11-22,14:47:48,21.3,30.8
2025-11-22,14:48:18,21.3,30.9
2025-11-22,14:48:48,21.2,30.9
2025-11-22,14:49:18,21.2,30.9
2025-11-22,14:49:48,21.1,31.0
2025-11-22,14:50:18,21.1,31.0
2025-11-22,14:50:48,21.2,31.0
2025-11-22,14:51:18,21.2,31.0
2025-11-22,14:51:48,21.2,30.9
2025-11-22,14:52:18,21.2,30.9
2025-11-22,14:52:48,21.2,31.0
2025-11-22,14:53:18,21.1,31.0
2025-11-22,14:53:48,21.1,31.0
2025-11-22,14:54:18,21.1,31.1
2025-11-22,14:54:48,21.1,31.0
2025-11-22,14:55:18,21.1,31.0
2025-11-22,14:55:50,21.2,31.0
2025-11-22,14:56:18,21.2,30.9
2025-11-22,14:56:48,21.2,30.9
2025-11-22,14:57:18,21.3,30.9
2025-11-22,14:57:48,21.2,30.9
2025-11-22,14:58:18,21.3,30.9
2025-11-22,14:58:48,21.3,30.9
2025-11-22,14:59:18,21.2,30.9
2025-11-22,14:59:48,21.2,30.9
2025-11-22,15:00:18,21.1,31.0
2025-11-22,15:00:48,21.1,31.0
2025-11-22,15:01:18,21.1,31.0
2025-11-22,15:01:48,21.2,31.0
2025-11-22,15:02:18,21.2,30.9
2025-11-22,15:02:48,21.2,30.9
2025-11-22,15:03:18,21.1,31.0
2025-11-22,15:03:48,21.1,31.0
2025-11-22,15:04:18,21.1,31.1
2025-11-22,15:04:48,21.1,31.1
2025-11-22,15:05:18,21.1,31.0
2025-11-22,15:05:48,21.1,31.0
2025-11-22,15:06:18,21.2,31.0
2025-11-22,15:06:48,21.2,30.9
2025-11-22,15:07:18,21.3,30.9
2025-11-22,15:07:48,21.3,30.9
2025-11-22,15:08:18,21.3,30.9
2025-11-22,15:08:48,21.3,30.8
2025-11-22,15:09:18,21.2,30.9
2025-11-22,15:09:48,21.1,31.0
2025-11-22,15:10:18,21.1,31.0
2025-11-22,15:10:48,21.0,31.1
2025-11-22,15:11:18,21.0,31.1
2025-11-22,15:11:48,21.0,31.1
2025-11-22,15:12:18,21.0,31.1
2025-11-22,15:12:48,21.1,31.1
2025-11-22,15:13:18,21.1,31.0
2025-11-22,15:13:48,21.1,31.0
2025-11-22,15:14:18,21.0,31.1
2025-11-22,15:14:48,21.0,31.1
2025-11-22,15:15:18,21.0,31.2
2025-11-22,15:15:48,21.0,31.2
2025-11-22,15:16:18,21.0,31.2
2025-11-22,15:16:50,21.2,31.0
2025-11-22,15:17:18,21.2,31.0
2025-11-22,15:17:50,21.3,30.8
2025-11-22,15:18:18,21.3,30.8
2025-11-22,15:18:48,21.3,30.8
2025-11-22,15:19:18,21.4,30.8
2025-11-22,15:19:48,21.4,30.7
2025-11-22,15:20:18,21.4,30.7
2025-11-22,15:20:48,21.4,30.7
2025-11-22,15:21:18,21.3,30.8
2025-11-22,15:21:48,21.2,30.9
2025-11-22,15:22:18,21.2,30.9
2025-11-22,15:22:48,21.2,30.8
2025-11-22,15:23:18,21.3,30.8
2025-11-22,15:23:48,21.3,30.8
2025-11-22,15:24:18,21.3,30.8
2025-11-22,15:24:48,21.3,30.8
2025-11-22,15:25:18,21.2,30.8
2025-11-22,15:25:48,21.2,30.8
2025-11-22,15:26:18,21.2,30.8
2025-11-22,15:26:48,21.3,30.8
2025-11-22,15:27:18,21.4,30.7
2025-11-22,15:27:48,21.4,30.6
2025-11-22,15:28:18,21.5,30.6
2025-11-22,15:28:48,21.5,30.6
2025-11-22,15:29:18,21.5,30.6
2025-11-22,15:29:48,21.4,30.6
2025-11-22,15:30:18,21.4,30.6
2025-11-22,15:30:48,21.3,30.7
2025-11-22,15:31:18,21.3,30.8
2025-11-22,15:31:50,21.3,30.8
2025-11-22,15:32:18,21.3,30.8
2025-11-22,15:32:48,21.3,30.8
2025-11-22,15:33:18,21.3,30.7
2025-11-22,15:33:48,21.3,30.7
2025-11-22,15:34:18,21.3,30.7
2025-11-22,15:34:48,21.2,30.8
2025-11-22,15:35:18,21.2,30.8
2025-11-22,15:35:48,21.1,30.9
2025-11-22,15:36:18,21.1,30.9
2025-11-22,15:36:48,21.2,30.9
2025-11-22,15:37:18,21.2,30.8
2025-11-22,15:37:48,21.2,30.8
2025-11-22,15:38:18,21.3,30.8
2025-11-22,15:38:48,21.4,30.7
2025-11-22,15:39:18,21.5,30.6
2025-11-22,15:39:48,21.6,30.5
2025-11-22,15:40:18,21.6,30.4
2025-11-22,15:40:48,21.6,30.4
2025-11-22,15:41:18,21.5,30.5
2025-11-22,15:41:48,21.4,30.5
2025-11-22,15:42:18,21.4,30.6
2025-11-22,15:42:48,21.4,30.6
2025-11-22,15:43:18,21.4,30.6
2025-11-22,15:43:48,21.4,30.6
2025-11-22,15:44:18,21.4,30.7
2025-11-22,15:44:48,21.4,30.7
2025-11-22,15:45:18,21.4,30.6
2025-11-22,15:45:48,21.3,30.7
2025-11-22,15:46:20,21.2,30.9
2025-11-22,15:46:48,21.1,30.9
2025-11-22,15:47:18,21.1,30.9
2025-11-22,15:47:48,21.1,30.9
2025-11-22,15:48:18,21.2,30.9
2025-11-22,15:48:48,21.2,30.8
2025-11-22,15:49:18,21.3,30.8
2025-11-22,15:49:48,21.3,30.7
2025-11-22,15:50:18,21.4,30.7
2025-11-22,15:50:48,21.4,30.7
2025-11-22,15:51:18,21.5,30.6
2025-11-22,15:51:48,21.4,30.6
2025-11-22,15:52:18,21.3,30.6
2025-11-22,15:52:48,21.2,30.7
2025-11-22,15:53:18,21.2,30.8
2025-11-22,15:53:48,21.2,30.8
2025-11-22,15:54:18,21.2,30.8
2025-11-22,15:54:48,21.2,30.8
2025-11-22,15:55:20,21.3,30.8
2025-11-22,15:55:48,21.3,30.8
2025-11-22,15:56:18,21.2,30.8
2025-11-22,15:56:48,21.2,30.8
2025-11-22,15:57:18,21.1,30.9
2025-11-22,15:57:48,21.1,30.9
2025-11-22,15:58:18,21.1,30.9
2025-11-22,15:58:48,21.1,30.8
2025-11-22,15:59:18,21.2,30.9
2025-11-22,15:59:48,21.2,30.9
2025-11-22,16:00:18,21.2,30.8
2025-11-22,16:00:48,21.2,30.8
2025-11-22,16:01:18,21.2,30.8
2025-11-22,16:01:48,21.3,30.7
2025-11-22,16:02:18,21.3,30.7
2025-11-22,16:02:48,21.3,30.8
2025-11-22,16:03:18,21.2,30.8
2025-11-22,16:03:48,21.2,30.8
2025-11-22,16:04:18,21.2,30.8
2025-11-22,16:04:48,21.2,30.8
2025-11-22,16:05:18,21.2,30.8
2025-11-22,16:05:48,21.3,30.8
2025-11-22,16:06:18,21.2,30.7
2025-11-22,16:06:48,21.2,30.8
2025-11-22,16:07:18,21.2,30.8
2025-11-22,16:07:48,21.1,30.8
2025-11-22,16:08:18,21.1,30.9
2025-11-22,16:08:48,21.1,30.9
2025-11-22,16:09:18,21.2,30.9
2025-11-22,16:09:48,21.2,30.8
2025-11-22,16:10:18,21.3,30.7
2025-11-22,16:10:48,21.3,30.7
2025-11-22,16:11:18,21.4,30.7
2025-11-22,16:11:48,21.4,30.7
2025-11-22,16:12:18,21.4,30.6
2025-11-22,16:12:48,21.4,30.6
2025-11-22,16:13:18,21.4,30.6
2025-11-22,16:13:50,21.3,30.6
2025-11-22,16:14:18,21.3,30.6
2025-11-22,16:14:48,21.2,30.7
2025-11-22,16:15:18,21.2,30.8
2025-11-22,16:15:50,21.2,30.8
2025-11-22,16:16:18,21.2,30.8
2025-11-22,16:16:48,21.2,30.8
2025-11-22,16:17:18,21.3,30.8
2025-11-22,16:17:50,21.3,30.8
2025-11-22,16:18:18,21.3,30.7
2025-11-22,16:18:48,21.3,30.7
2025-11-22,16:19:18,21.3,30.7
2025-11-22,16:19:48,21.4,30.6
2025-11-22,16:20:18,21.4,30.6
2025-11-22,16:20:48,21.5,30.5
2025-11-22,16:21:20,21.6,30.5
2025-11-22,16:21:48,21.5,30.4
2025-11-22,16:22:18,21.5,30.4
2025-11-22,16:22:48,21.6,30.3
2025-11-22,16:23:18,21.6,30.3
2025-11-22,16:23:48,21.6,30.2
2025-11-22,16:24:18,21.7,30.2
2025-11-22,16:24:48,21.7,30.2
2025-11-22,16:25:18,21.7,30.2
2025-11-22,16:25:48,21.7,30.1
2025-11-22,16:26:18,21.7,30.2
2025-11-22,16:26:48,21.7,30.1
2025-11-22,16:27:18,21.7,30.1
2025-11-22,16:27:48,21.7,30.1
2025-11-22,16:28:18,21.7,30.1
2025-11-22,16:28:48,21.7,30.0
2025-11-22,16:29:18,21.7,30.2
2025-11-22,16:29:48,21.7,30.2
2025-11-22,16:30:18,21.7,30.2
2025-11-22,16:30:48,21.8,30.2
2025-11-22,16:31:18,21.8,30.2
2025-11-22,16:31:48,21.8,30.1
2025-11-22,16:32:18,21.8,30.1
2025-11-22,16:32:48,21.8,30.1
2025-11-22,16:33:18,21.9,30.0
2025-11-22,16:33:48,21.9,30.0
2025-11-22,16:34:18,21.9,29.9
2025-11-22,16:34:48,21.9,29.9
2025-11-22,16:35:18,21.9,30.0
2025-11-22,16:35:48,21.9,29.9
2025-11-22,16:36:18,21.9,29.9
2025-11-22,16:36:48,21.9,30.0
2025-11-22,16:37:18,21.9,30.0
2025-11-22,16:37:48,21.9,29.9
2025-11-22,16:38:18,21.9,29.9
2025-11-22,16:38:48,21.9,29.9
2025-11-22,16:39:18,21.9,29.9
2025-11-22,16:39:48,21.9,30.0
2025-11-22,16:40:18,21.9,30.0
2025-11-22,16:40:48,21.9,29.9
2025-11-22,16:41:18,21.9,30.0
2025-11-22,16:41:48,21.9,30.0
2025-11-22,16:42:18,21.9,30.0
2025-11-22,16:42:52,21.9,29.9
2025-11-22,16:43:18,22.0,29.9
2025-11-22,16:43:48,21.9,29.9
2025-11-22,16:44:18,21.9,30.0
2025-11-22,16:44:48,21.9,30.0
2025-11-22,16:45:18,21.9,30.0
2025-11-22,16:45:48,21.9,29.9
2025-11-22,16:46:18,21.9,29.9
2025-11-22,16:46:48,22.0,29.9
2025-11-22,16:47:18,22.0,29.9
2025-11-22,16:47:48,22.0,29.8
2025-11-22,16:48:18,21.9,29.9
2025-11-22,16:48:48,21.9,29.9
2025-11-22,16:49:18,21.9,29.9
2025-11-22,16:49:48,21.9,29.9
2025-11-22,16:50:18,21.9,29.9
2025-11-22,16:50:48,21.9,29.9
2025-11-22,16:51:18,21.9,29.9
2025-11-22,16:51:48,21.9,29.9
2025-11-22,16:52:20,21.9,29.9
2025-11-22,16:52:48,21.9,30.0
2025-11-22,16:53:18,21.9,30.0
2025-11-22,16:53:48,21.9,30.0
2025-11-22,16:54:18,21.9,29.9
2025-11-22,16:54:48,21.9,30.0
2025-11-22,16:55:18,21.9,30.0
2025-11-22,16:55:48,21.9,30.0
2025-11-22,16:56:18,21.9,30.0
2025-11-22,16:56:48,21.9,30.0
2025-11-22,16:57:18,21.9,30.0
2025-11-22,16:57:48,22.0,29.8
2025-11-22,16:58:18,22.0,29.9
2025-11-22,16:58:48,21.9,29.9
2025-11-22,16:59:18,22.0,29.8
2025-11-22,16:59:48,22.0,29.8
2025-11-22,17:00:18,21.9,29.9
2025-11-22,17:00:48,21.9,29.9
2025-11-22,17:01:18,21.9,30.0
2025-11-22,17:01:48,21.9,30.0
2025-11-22,17:02:18,21.9,29.9
2025-11-22,17:02:48,22.0,29.9
2025-11-22,17:03:18,22.0,29.9
2025-11-22,17:03:48,22.0,29.9
2025-11-22,17:04:18,22.0,29.9
2025-11-22,17:04:48,22.0,29.9
2025-11-22,17:05:18,22.0,29.8
2025-11-22,17:05:48,22.0,29.9
2025-11-22,17:06:18,21.9,30.0
2025-11-22,17:06:48,21.8,30.0
2025-11-22,17:07:18,21.8,30.1
2025-11-22,17:07:48,21.7,30.2
2025-11-22,17:08:18,21.6,30.2
2025-11-22,17:08:48,21.5,30.3
2025-11-22,17:09:18,21.4,30.4
2025-11-22,17:09:48,21.4,30.5
2025-11-22,17:10:18,21.4,30.5
2025-11-22,17:10:48,21.4,30.5
2025-11-22,17:11:18,21.4,30.4
2025-11-22,17:11:48,21.4,30.5
2025-11-22,17:12:18,21.4,30.4
2025-11-22,17:12:48,21.4,30.5
2025-11-22,17:13:18,21.3,30.5
2025-11-22,17:13:48,21.3,30.6
2025-11-22,17:14:18,21.3,30.6
2025-11-22,17:14:48,21.3,30.6
2025-11-22,17:15:18,21.3,30.6
2025-11-22,17:15:48,21.4,30.5
2025-11-22,17:16:18,21.3,30.6
2025-11-22,17:16:48,21.3,30.6
2025-11-22,17:17:18,21.4,30.6
2025-11-22,17:17:48,21.3,30.6
2025-11-22,17:18:18,21.3,30.6
2025-11-22,17:18:48,21.2,30.7
2025-11-22,17:19:18,21.3,30.7
2025-11-22,17:19:48,21.3,30.7
2025-11-22,17:20:18,21.3,30.6
2025-11-22,17:20:48,21.3,30.6
2025-11-22,17:21:18,21.3,30.5
2025-11-22,17:21:48,21.3,30.5
2025-11-22,17:22:18,21.3,30.5
2025-11-22,17:22:48,21.3,30.6
2025-11-22,17:23:18,21.3,30.6
2025-11-22,17:23:48,21.3,30.6
2025-11-22,17:24:18,21.3,30.6
2025-11-22,17:24:48,21.2,30.6
2025-11-22,17:25:18,21.3,30.6
2025-11-22,17:25:48,21.4,30.6
2025-11-22,17:26:18,21.5,30.5
2025-11-22,17:26:48,21.6,30.4
2025-11-22,17:27:18,21.7,30.2
2025-11-22,17:27:48,21.7,30.2
2025-11-22,17:28:18,21.6,30.3
2025-11-22,17:28:48,21.5,30.4
2025-11-22,17:29:18,21.4,30.5
2025-11-22,17:29:50,21.4,30.6
2025-11-22,17:30:18,21.4,30.5
2025-11-22,17:30:48,21.4,30.5
2025-11-22,17:31:18,21.3,30.5
2025-11-22,17:31:48,21.3,30.6
2025-11-22,17:32:18,21.3,30.5
2025-11-22,17:32:48,21.3,30.6
2025-11-22,17:33:18,21.2,30.6
2025-11-22,17:33:48,21.2,30.7
2025-11-22,17:34:18,21.2,30.7
2025-11-22,17:34:48,21.2,30.7
2025-11-22,17:35:18,21.3,30.6
2025-11-22,17:35:48,21.3,30.6
2025-11-22,17:36:18,21.3,30.6
2025-11-22,17:36:48,21.3,30.6
2025-11-22,17:37:18,21.3,30.6
2025-11-22,17:37:48,21.3,30.5
2025-11-22,17:38:18,21.3,30.6
2025-11-22,17:38:48,21.2,30.6
2025-11-22,17:39:18,21.2,30.7
2025-11-22,17:39:48,21.2,30.7
2025-11-22,17:40:18,21.2,30.7
2025-11-22,17:40:48,21.2,30.7
2025-11-22,17:41:18,21.2,30.7
2025-11-22,17:41:48,21.2,30.7
2025-11-22,17:42:18,21.2,30.7
2025-11-22,17:42:48,21.2,30.7
2025-11-22,17:43:18,21.1,30.8
2025-11-22,17:43:48,21.1,30.8
2025-11-22,17:44:18,21.1,30.8
2025-11-22,17:44:48,21.2,30.8
2025-11-22,17:45:18,21.2,30.7
2025-11-22,17:45:48,21.2,30.7
2025-11-22,17:46:18,21.2,30.7
2025-11-22,17:46:48,21.3,30.7
2025-11-22,17:47:18,21.3,30.6
2025-11-22,17:47:48,21.3,30.6
2025-11-22,17:48:18,21.3,30.6
2025-11-22,17:48:48,21.3,30.6
2025-11-22,17:49:18,21.2,30.7
2025-11-22,17:49:48,21.2,30.7
2025-11-22,17:50:18,21.2,30.7
2025-11-22,17:50:48,21.2,30.7
2025-11-22,17:51:18,21.2,30.8
2025-11-22,17:51:48,21.2,30.7
2025-11-22,17:52:18,21.2,30.7
2025-11-22,17:52:48,21.1,30.8
2025-11-22,17:53:18,21.1,30.7
2025-11-22,17:53:48,21.1,30.8
2025-11-22,17:54:18,21.1,30.9
2025-11-22,17:54:48,21.1,30.8
2025-11-22,17:55:18,21.1,30.8
2025-11-22,17:55:48,21.2,30.7
2025-11-22,17:56:18,21.3,30.7
2025-11-22,17:56:48,21.3,30.7
2025-11-22,17:57:18,21.3,30.6
2025-11-22,17:57:48,21.3,30.6
2025-11-22,17:58:18,21.3,30.6
2025-11-22,17:58:48,21.3,30.7
2025-11-22,17:59:18,21.2,30.7
2025-11-22,17:59:48,21.2,30.8
2025-11-22,18:00:18,21.2,30.7
2025-11-22,18:00:48,21.2,30.7
2025-11-22,18:01:18,21.2,30.7
2025-11-22,18:01:48,21.2,30.7
2025-11-22,18:02:18,21.2,30.7
2025-11-22,18:02:48,21.2,30.7
2025-11-22,18:03:18,21.2,30.7
2025-11-22,18:03:48,21.1,30.8
2025-11-22,18:04:18,21.1,30.8
2025-11-22,18:04:48,21.1,30.9
2025-11-22,18:05:18,21.2,30.7
2025-11-22,18:05:48,21.4,30.6
2025-11-22,18:06:18,21.5,30.5
2025-11-22,18:06:48,21.6,30.4
2025-11-22,18:07:18,21.7,30.3
2025-11-22,18:07:48,21.8,30.2
2025-11-22,18:08:20,21.7,30.1
2025-11-22,18:08:48,21.8,30.2
2025-11-22,18:09:18,21.7,30.2
2025-11-22,18:09:48,21.6,30.3
2025-11-22,18:10:18,21.5,30.4
2025-11-22,18:10:48,21.4,30.5
2025-11-22,18:11:18,21.4,30.6
2025-11-22,18:11:48,21.3,30.5
2025-11-22,18:12:18,21.3,30.6
2025-11-22,18:12:50,21.3,30.6
2025-11-22,18:13:18,21.3,30.6
2025-11-22,18:13:48,21.2,30.7
2025-11-22,18:14:18,21.2,30.7
2025-11-22,18:14:48,21.1,30.8
2025-11-22,18:15:18,21.2,30.8
2025-11-22,18:15:48,21.2,30.8
2025-11-22,18:16:18,21.2,30.7
2025-11-22,18:16:48,21.3,30.7
2025-11-22,18:17:18,21.3,30.6
2025-11-22,18:17:48,21.3,30.6
2025-11-22,18:18:18,21.3,30.6
2025-11-22,18:18:48,21.3,30.6
2025-11-22,18:19:18,21.3,30.6
2025-11-22,18:19:48,21.2,30.7
2025-11-22,18:20:18,21.2,30.7
2025-11-22,18:20:48,21.2,30.8
2025-11-22,18:21:18,21.1,30.8
2025-11-22,18:21:48,21.2,30.8
2025-11-22,18:22:18,21.2,30.8
2025-11-22,18:22:50,21.2,30.7
2025-11-22,18:23:18,21.2,30.7
2025-11-22,18:23:48,21.2,30.7
2025-11-22,18:24:18,21.2,30.8
2025-11-22,18:24:48,21.1,30.8
2025-11-22,18:25:18,21.2,30.7
2025-11-22,18:25:48,21.2,30.7
2025-11-22,18:26:18,21.2,30.7
2025-11-22,18:26:48,21.3,30.7
2025-11-22,18:27:18,21.3,30.6
2025-11-22,18:27:50,21.4,30.6
2025-11-22,18:28:18,21.4,30.5
2025-11-22,18:28:48,21.4,30.5
2025-11-22,18:29:18,21.6,30.4
2025-11-22,18:29:48,21.6,30.3
2025-11-22,18:30:18,21.6,30.3
2025-11-22,18:30:48,21.5,30.4
2025-11-22,18:31:18,21.3,30.5
2025-11-22,18:31:48,21.3,30.6
2025-11-22,18:32:18,21.3,30.7
2025-11-22,18:32:48,21.3,30.7
2025-11-22,18:33:18,21.3,30.7
2025-11-22,18:33:48,21.2,30.7
2025-11-22,18:34:18,21.2,30.7
2025-11-22,18:34:48,21.2,30.7
2025-11-22,18:35:18,21.2,30.7
2025-11-22,18:35:48,21.2,30.7
2025-11-22,18:36:18,21.2,30.7
2025-11-22,18:36:48,21.2,30.8
2025-11-22,18:37:18,21.2,30.8
2025-11-22,18:37:48,21.3,30.7
2025-11-22,18:38:18,21.3,30.6
2025-11-22,18:38:48,21.3,30.6
2025-11-22,18:39:18,21.4,30.6
2025-11-22,18:39:48,21.4,30.5
2025-11-22,18:40:18,21.4,30.5
2025-11-22,18:40:48,21.4,30.5
2025-11-22,18:41:18,21.4,30.5
2025-11-22,18:41:48,21.3,30.5
2025-11-22,18:42:18,21.2,30.6
2025-11-22,18:42:48,21.2,30.7
2025-11-22,18:43:18,21.2,30.7
2025-11-22,18:43:48,21.2,30.7
2025-11-22,18:44:18,21.2,30.7
2025-11-22,18:44:48,21.2,30.7
2025-11-22,18:45:18,21.2,30.7
2025-11-22,18:45:48,21.2,30.7
2025-11-22,18:46:18,21.2,30.8
2025-11-22,18:46:48,21.2,30.7
2025-11-22,18:47:18,21.2,30.7
2025-11-22,18:47:48,21.3,30.7
2025-11-22,18:48:18,21.3,30.7
2025-11-22,18:48:48,21.3,30.7
2025-11-22,18:49:18,21.3,30.7
2025-11-22,18:49:48,21.5,30.5
2025-11-22,18:50:18,21.5,30.5
2025-11-22,18:50:48,21.5,30.5
2025-11-22,18:51:18,21.4,30.5
2025-11-22,18:51:48,21.3,30.6
2025-11-22,18:52:18,21.3,30.7
2025-11-22,18:52:48,21.3,30.7
2025-11-22,18:53:18,21.3,30.7
2025-11-22,18:53:48,21.3,30.6
2025-11-22,18:54:18,21.3,30.6
2025-11-22,18:54:48,21.3,30.6
2025-11-22,18:55:18,21.3,30.6
2025-11-22,18:55:48,21.3,30.6
2025-11-22,18:56:18,21.2,30.7
2025-11-22,18:56:48,21.1,30.7
2025-11-22,18:57:18,21.1,30.8
2025-11-22,18:57:48,21.2,30.8
2025-11-22,18:58:18,21.2,30.7
2025-11-22,18:58:48,21.2,30.7
2025-11-22,18:59:18,21.3,30.7
2025-11-22,18:59:48,21.3,30.6
2025-11-22,19:00:20,21.4,30.5
2025-11-22,19:00:48,21.4,30.5
2025-11-22,19:01:18,21.4,30.5
2025-11-22,19:01:48,21.4,30.5
2025-11-22,19:02:18,21.3,30.6
2025-11-22,19:02:48,21.3,30.6
2025-11-22,19:03:18,21.3,30.6
2025-11-22,19:03:48,21.3,30.7
2025-11-22,19:04:18,21.3,30.7
2025-11-22,19:04:48,21.3,30.6
2025-11-22,19:05:18,21.2,30.7
2025-11-22,19:05:48,21.2,30.7
2025-11-22,19:06:18,21.2,30.8
2025-11-22,19:06:48,21.1,30.8
2025-11-22,19:07:20,21.2,30.8
2025-11-22,19:07:48,21.2,30.8
2025-11-22,19:08:18,21.2,30.7
2025-11-22,19:08:48,21.2,30.7
2025-11-22,19:09:20,21.2,30.8
2025-11-22,19:09:48,21.2,30.7
2025-11-22,19:10:18,21.2,30.7
2025-11-22,19:10:48,21.2,30.7
2025-11-22,19:11:18,21.2,30.7
2025-11-22,19:11:48,21.2,30.7
2025-11-22,19:12:18,21.1,30.8
2025-11-22,19:12:48,21.1,30.8
2025-11-22,19:13:18,21.0,30.9
2025-11-22,19:13:48,21.0,30.9
2025-11-22,19:14:18,21.0,31.0
2025-11-22,19:14:48,21.0,31.0
2025-11-22,19:15:20,21.0,31.0
2025-11-22,19:15:50,21.1,30.9
2025-11-22,19:16:18,21.1,30.9
2025-11-22,19:16:48,21.0,30.9
2025-11-22,19:17:18,21.1,30.9
2025-11-22,19:17:48,21.1,30.9
2025-11-22,19:18:18,21.2,30.9
2025-11-22,19:18:48,21.2,30.8
2025-11-22,19:19:18,21.3,30.7
2025-11-22,19:19:48,21.3,30.7
2025-11-22,19:20:18,21.3,30.7
2025-11-22,19:20:48,21.3,30.6
2025-11-22,19:21:18,21.4,30.6
2025-11-22,19:21:48,21.3,30.6
2025-11-22,19:22:18,21.3,30.7
2025-11-22,19:22:48,21.2,30.7
2025-11-22,19:23:18,21.1,30.7
2025-11-22,19:23:48,21.1,30.8
2025-11-22,19:24:18,21.1,30.8
2025-11-22,19:24:48,21.2,30.8
2025-11-22,19:25:18,21.2,30.8
2025-11-22,19:25:48,21.1,30.8
2025-11-22,19:26:18,21.1,30.8
2025-11-22,19:26:48,21.1,30.9
2025-11-22,19:27:18,21.1,30.8
2025-11-22,19:27:48,21.1,30.8
2025-11-22,19:28:18,21.2,30.8
2025-11-22,19:28:48,21.2,30.7
2025-11-22,19:29:18,21.3,30.7
2025-11-22,19:29:48,21.3,30.6
2025-11-22,19:30:18,21.4,30.6
2025-11-22,19:30:48,21.4,30.6
2025-11-22,19:31:18,21.4,30.6
2025-11-22,19:31:48,21.4,30.5
2025-11-22,19:32:18,21.3,30.6
2025-11-22,19:32:48,21.3,30.6
2025-11-22,19:33:18,21.2,30.7
2025-11-22,19:33:48,21.2,30.7
2025-11-22,19:34:18,21.2,30.7
2025-11-22,19:34:48,21.2,30.7
2025-11-22,19:35:18,21.2,30.7
2025-11-22,19:35:48,21.2,30.8
2025-11-22,19:36:18,21.2,30.7
2025-11-22,19:36:48,21.2,30.8
2025-11-22,19:37:18,21.2,30.7
2025-11-22,19:37:48,21.2,30.8
2025-11-22,19:38:18,21.1,30.8
2025-11-22,19:38:48,21.1,30.8
2025-11-22,19:39:18,21.2,30.7
2025-11-22,19:39:48,21.3,30.6
2025-11-22,19:40:18,21.3,30.6
2025-11-22,19:40:48,21.4,30.5
2025-11-22,19:41:18,21.5,30.5
2025-11-22,19:41:48,21.5,30.4
2025-11-22,19:42:18,21.5,30.4
2025-11-22,19:42:48,21.5,30.4
2025-11-22,19:43:18,21.4,30.5
2025-11-22,19:43:48,21.3,30.6
2025-11-22,19:44:18,21.3,30.6
2025-11-22,19:44:48,21.3,30.6
2025-11-22,19:45:18,21.3,30.6
2025-11-22,19:45:48,21.3,30.6
2025-11-22,19:46:18,21.3,30.6
2025-11-22,19:46:48,21.3,30.6
2025-11-22,19:47:18,21.3,30.6
2025-11-22,19:47:48,21.2,30.6
2025-11-22,19:48:18,21.2,30.7
2025-11-22,19:48:48,21.1,30.8
2025-11-22,19:49:18,21.1,30.8
2025-11-22,19:49:48,21.2,30.7
2025-11-22,19:50:18,21.2,30.7
2025-11-22,19:50:48,21.2,30.7
2025-11-22,19:51:18,21.2,30.7
2025-11-22,19:51:48,21.2,30.7
2025-11-22,19:52:18,21.3,30.6
2025-11-22,19:52:48,21.3,30.6
2025-11-22,19:53:18,21.2,30.6
2025-11-22,19:53:48,21.2,30.7
2025-11-22,19:54:18,21.1,30.7
2025-11-22,19:54:50,21.1,30.8
2025-11-22,19:55:18,21.1,30.8
2025-11-22,19:55:48,21.1,30.8
2025-11-22,19:56:18,21.2,30.8
2025-11-22,19:56:50,21.2,30.7
2025-11-22,19:57:18,21.2,30.7
2025-11-22,19:57:48,21.2,30.7
2025-11-22,19:58:18,21.1,30.8
2025-11-22,19:58:48,21.1,30.8
2025-11-22,19:59:18,21.1,30.8
2025-11-22,19:59:48,21.2,30.7
2025-11-22,20:00:18,21.2,30.7
2025-11-22,20:00:48,21.2,30.6
2025-11-22,20:01:18,21.3,30.6
2025-11-22,20:01:48,21.4,30.5
2025-11-22,20:02:18,21.5,30.4
2025-11-22,20:02:48,21.5,30.4
2025-11-22,20:03:18,21.6,30.3
2025-11-22,20:03:48,21.6,30.2
2025-11-22,20:04:18,21.5,30.3
2025-11-22,20:04:48,21.4,30.5
2025-11-22,20:05:18,21.2,30.6
2025-11-22,20:05:48,21.2,30.7
2025-11-22,20:06:18,21.1,30.7
2025-11-22,20:06:48,21.1,30.7
2025-11-22,20:07:18,21.2,30.7
2025-11-22,20:07:48,21.2,30.7
2025-11-22,20:08:18,21.1,30.7
2025-11-22,20:08:48,21.1,30.8
2025-11-22,20:09:18,21.1,30.8
2025-11-22,20:09:48,21.0,30.8
2025-11-22,20:10:18,21.1,30.8
2025-11-22,20:10:48,21.1,30.8
2025-11-22,20:11:18,21.2,30.7
2025-11-22,20:11:48,21.2,30.7
2025-11-22,20:12:18,21.2,30.6
2025-11-22,20:12:48,21.2,30.6
2025-11-22,20:13:18,21.3,30.6
2025-11-22,20:13:48,21.3,30.6
2025-11-22,20:14:18,21.2,30.6
2025-11-22,20:14:48,21.2,30.6
2025-11-22,20:15:18,21.1,30.7
2025-11-22,20:15:48,21.1,30.8
2025-11-22,20:16:20,21.1,30.8
2025-11-22,20:16:48,21.1,30.8
2025-11-22,20:17:18,21.1,30.8
2025-11-22,20:17:48,21.2,30.7
2025-11-22,20:18:18,21.2,30.7
2025-11-22,20:18:48,21.2,30.7
2025-11-22,20:19:18,21.3,30.6
2025-11-22,20:19:48,21.3,30.6
2025-11-22,20:20:18,21.2,30.7
2025-11-22,20:20:48,21.2,30.7
2025-11-22,20:21:18,21.2,30.6
2025-11-22,20:21:48,21.3,30.6
2025-11-22,20:22:18,21.3,30.6
2025-11-22,20:22:48,21.4,30.5
2025-11-22,20:23:18,21.4,30.5
2025-11-22,20:23:48,21.3,30.5
2025-11-22,20:24:18,21.3,30.6
2025-11-22,20:24:48,21.2,30.6
2025-11-22,20:25:18,21.2,30.7
2025-11-22,20:25:48,21.1,30.8
2025-11-22,20:26:18,21.0,30.8
2025-11-22,20:26:48,21.0,30.9
2025-11-22,20:27:18,21.0,30.9
2025-11-22,20:27:48,21.1,30.8
2025-11-22,20:28:18,21.1,30.8
2025-11-22,20:28:48,21.1,30.8
2025-11-22,20:29:20,21.2,30.7
2025-11-22,20:29:48,21.2,30.7
2025-11-22,20:30:18,21.2,30.6
2025-11-22,20:30:48,21.2,30.7
2025-11-22,20:31:18,21.1,30.7
2025-11-22,20:31:48,21.2,30.7
2025-11-22,20:32:18,21.2,30.7
2025-11-22,20:32:48,21.2,30.7
2025-11-22,20:33:18,21.3,30.7
2025-11-22,20:33:48,21.3,30.6
2025-11-22,20:34:18,21.3,30.6
2025-11-22,20:34:48,21.3,30.6
2025-11-22,20:35:18,21.3,30.6
2025-11-22,20:35:48,21.3,30.5
2025-11-22,20:36:18,21.3,30.6
2025-11-22,20:36:48,21.2,30.6
2025-11-22,20:37:18,21.2,30.7
2025-11-22,20:37:48,21.2,30.7
2025-11-22,20:38:18,21.2,30.7
2025-11-22,20:38:48,21.2,30.7
2025-11-22,20:39:18,21.3,30.6
2025-11-22,20:39:48,21.2,30.6
2025-11-22,20:40:18,21.2,30.7
2025-11-22,20:40:48,21.2,30.7
2025-11-22,20:41:18,21.2,30.7
2025-11-22,20:41:48,21.2,30.6
2025-11-22,20:42:18,21.3,30.6
2025-11-22,20:42:48,21.3,30.6
2025-11-22,20:43:18,21.3,30.6
2025-11-22,20:43:48,21.3,30.6
2025-11-22,20:44:18,21.3,30.6
2025-11-22,20:44:48,21.3,30.6
2025-11-22,20:45:18,21.4,30.5
2025-11-22,20:45:48,21.3,30.5
2025-11-22,20:46:18,21.3,30.5
2025-11-22,20:46:50,21.2,30.7
2025-11-22,20:47:18,21.2,30.6
2025-11-22,20:47:48,21.2,30.7
2025-11-22,20:48:18,21.2,30.6
2025-11-22,20:48:48,21.2,30.6
2025-11-22,20:49:18,21.3,30.6
2025-11-22,20:49:48,21.3,30.6
2025-11-22,20:50:18,21.2,30.6
2025-11-22,20:50:48,21.2,30.6
2025-11-22,20:51:18,21.1,30.7
2025-11-22,20:51:48,21.1,30.7
2025-11-22,20:52:18,21.1,30.7
2025-11-22,20:52:48,21.2,30.7
2025-11-22,20:53:18,21.2,30.6
2025-11-22,20:53:48,21.2,30.6
2025-11-22,20:54:18,21.3,30.6
2025-11-22,20:54:48,21.3,30.6
2025-11-22,20:55:18,21.3,30.6
2025-11-22,20:55:48,21.3,30.6
2025-11-22,20:56:18,21.2,30.6
2025-11-22,20:56:50,21.1,30.7
2025-11-22,20:57:18,21.1,30.7
2025-11-22,20:57:48,21.1,30.8
2025-11-22,20:58:18,21.1,30.8
2025-11-22,20:58:48,21.2,30.7
2025-11-22,20:59:18,21.2,30.7
2025-11-22,20:59:48,21.2,30.7
2025-11-22,21:00:18,21.1,30.7
2025-11-22,21:00:48,21.1,30.8
2025-11-22,21:01:18,21.0,30.8
2025-11-22,21:01:48,21.1,30.8
2025-11-22,21:02:18,21.1,30.8
2025-11-22,21:02:48,21.1,30.7
2025-11-22,21:03:18,21.1,30.7
2025-11-22,21:03:48,21.2,30.7
2025-11-22,21:04:20,21.3,30.6
2025-11-22,21:04:48,21.3,30.6
2025-11-22,21:05:18,21.5,30.4
2025-11-22,21:05:48,21.6,30.3
2025-11-22,21:06:18,21.6,30.2
2025-11-22,21:06:48,21.5,30.3
2025-11-22,21:07:18,21.4,30.3
2025-11-22,21:07:48,21.3,30.4
2025-11-22,21:08:18,21.3,30.5
2025-11-22,21:08:48,21.2,30.6
2025-11-22,21:09:18,21.2,30.6
2025-11-22,21:09:48,21.2,30.5
2025-11-22,21:10:18,21.2,30.6
2025-11-22,21:10:48,21.1,30.6
2025-11-22,21:11:18,21.1,30.7
2025-11-22,21:11:50,21.1,30.7
2025-11-22,21:12:18,21.1,30.7
2025-11-22,21:12:48,21.1,30.7
2025-11-22,21:13:18,21.1,30.7
2025-11-22,21:13:48,21.1,30.7
2025-11-22,21:14:18,21.2,30.7
2025-11-22,21:14:48,21.2,30.6
2025-11-22,21:15:18,21.2,30.6
2025-11-22,21:15:48,21.2,30.6
2025-11-22,21:16:18,21.3,30.5
2025-11-22,21:16:48,21.3,30.5
2025-11-22,21:17:18,21.2,30.5
2025-11-22,21:17:48,21.2,30.6
2025-11-22,21:18:18,21.2,30.6
2025-11-22,21:18:48,21.2,30.6
2025-11-22,21:19:18,21.2,30.5
2025-11-22,21:19:48,21.2,30.6
2025-11-22,21:20:18,21.3,30.5
2025-11-22,21:20:48,21.3,30.5
2025-11-22,21:21:20,21.3,30.5
2025-11-22,21:21:48,21.3,30.5
2025-11-22,21:22:18,21.3,30.5
2025-11-22,21:22:48,21.2,30.5
2025-11-22,21:23:18,21.2,30.5
2025-11-22,21:23:48,21.2,30.6
2025-11-22,21:24:18,21.3,30.5
2025-11-22,21:24:50,21.3,30.4
2025-11-22,21:25:18,21.3,30.4
2025-11-22,21:25:48,21.4,30.4
2025-11-22,21:26:18,21.5,30.3
2025-11-22,21:26:48,21.6,30.2
2025-11-22,21:27:18,21.6,30.1
2025-11-22,21:27:48,21.5,30.1
2025-11-22,21:28:18,21.4,30.3
2025-11-22,21:28:48,21.3,30.3
2025-11-22,21:29:18,21.3,30.4
2025-11-22,21:29:48,21.3,30.4
2025-11-22,21:30:18,21.3,30.4
2025-11-22,21:30:48,21.3,30.4
2025-11-22,21:31:18,21.3,30.4
2025-11-22,21:31:48,21.3,30.4
2025-11-22,21:32:18,21.3,30.4
2025-11-22,21:32:48,21.2,30.4
2025-11-22,21:33:18,21.2,30.5
2025-11-22,21:33:48,21.2,30.5
2025-11-22,21:34:18,21.2,30.5
2025-11-22,21:34:48,21.3,30.5
2025-11-22,21:35:18,21.3,30.4
2025-11-22,21:35:48,21.3,30.4
2025-11-22,21:36:18,21.3,30.4
2025-11-22,21:36:48,21.4,30.3
2025-11-22,21:37:18,21.5,30.3
2025-11-22,21:37:48,21.5,30.2
2025-11-22,21:38:18,21.4,30.2
2025-11-22,21:38:48,21.3,30.3
2025-11-22,21:39:18,21.2,30.5
2025-11-22,21:39:48,21.2,30.5
2025-11-22,21:40:18,21.2,30.5
2025-11-22,21:40:48,21.2,30.5
2025-11-22,21:41:18,21.1,30.5
2025-11-22,21:41:48,21.1,30.6
2025-11-22,21:42:18,21.1,30.6
2025-11-22,21:42:48,21.1,30.6
2025-11-22,21:43:18,21.1,30.6
2025-11-22,21:43:48,21.1,30.5
2025-11-22,21:44:18,21.2,30.5
2025-11-22,21:44:48,21.2,30.5
2025-11-22,21:45:18,21.2,30.5
2025-11-22,21:45:48,21.2,30.5
2025-11-22,21:46:18,21.2,30.5
2025-11-22,21:46:48,21.3,30.5
2025-11-22,21:47:18,21.3,30.4
2025-11-22,21:47:48,21.3,30.4
2025-11-22,21:48:18,21.2,30.4
2025-11-22,21:48:48,21.2,30.5
2025-11-22,21:49:18,21.1,30.5
2025-11-22,21:49:48,21.1,30.5
2025-11-22,21:50:18,21.1,30.6
2025-11-22,21:50:50,21.2,30.5
2025-11-22,21:51:18,21.2,30.5
2025-11-22,21:51:48,21.2,30.4
2025-11-22,21:52:18,21.1,30.5
2025-11-22,21:52:48,21.1,30.6
2025-11-22,21:53:18,21.1,30.6
2025-11-22,21:53:48,21.1,30.6
2025-11-22,21:54:18,21.2,30.6
2025-11-22,21:54:48,21.3,30.4
2025-11-22,21:55:18,21.4,30.3
2025-11-22,21:55:48,21.4,30.3
2025-11-22,21:56:18,21.4,30.2
2025-11-22,21:56:48,21.5,30.2
2025-11-22,21:57:18,21.4,30.2
2025-11-22,21:57:50,21.4,30.3
2025-11-22,21:58:18,21.4,30.2
2025-11-22,21:58:50,21.2,30.4
2025-11-22,21:59:20,21.1,30.5
2025-11-22,21:59:48,21.1,30.4
2025-11-22,22:00:18,21.1,30.5
2025-11-22,22:00:48,21.1,30.5
2025-11-22,22:01:18,21.1,30.5
2025-11-22,22:01:50,21.1,30.5
2025-11-22,22:02:18,21.1,30.5
2025-11-22,22:02:48,21.1,30.5
2025-11-22,22:03:18,21.0,30.5
2025-11-22,22:03:48,21.0,30.6
2025-11-22,22:04:18,21.0,30.6
2025-11-22,22:04:48,21.0,30.6
2025-11-22,22:05:18,21.1,30.6
2025-11-22,22:05:48,21.1,30.5
2025-11-22,22:06:18,21.2,30.4
2025-11-22,22:06:48,21.3,30.3
2025-11-22,22:07:18,21.4,30.3
2025-11-22,22:07:48,21.5,30.2
2025-11-22,22:08:18,21.5,30.1
2025-11-22,22:08:48,21.5,30.1
2025-11-22,22:09:18,21.4,30.1
2025-11-22,22:09:48,21.3,30.2
2025-11-22,22:10:18,21.3,30.3
2025-11-22,22:10:48,21.3,30.3
2025-11-22,22:11:18,21.3,30.3
2025-11-22,22:11:48,21.3,30.2
2025-11-22,22:12:18,21.3,30.2
2025-11-22,22:12:48,21.3,30.2
2025-11-22,22:13:18,21.3,30.2
2025-11-22,22:13:48,21.3,30.3
2025-11-22,22:14:18,21.2,30.3
2025-11-22,22:14:48,21.2,30.3
2025-11-22,22:15:18,21.2,30.3
2025-11-22,22:15:48,21.2,30.3
2025-11-22,22:16:18,21.3,30.3
2025-11-22,22:16:48,21.3,30.3
2025-11-22,22:17:18,21.3,30.3
2025-11-22,22:17:48,21.3,30.3
2025-11-22,22:18:18,21.3,30.2
2025-11-22,22:18:48,21.4,30.2
2025-11-22,22:19:18,21.4,30.1
2025-11-22,22:19:48,21.3,30.2
2025-11-22,22:20:18,21.3,30.2
2025-11-22,22:20:48,21.3,30.3
2025-11-22,22:21:18,21.3,30.2
2025-11-22,22:21:48,21.3,30.2
2025-11-22,22:22:18,21.3,30.2
2025-11-22,22:22:48,21.3,30.2
2025-11-22,22:23:18,21.3,30.2
2025-11-22,22:23:48,21.3,30.2
2025-11-22,22:24:18,21.3,30.2
2025-11-22,22:24:48,21.3,30.3
2025-11-22,22:25:18,21.2,30.3
2025-11-22,22:25:48,21.3,30.2
2025-11-22,22:26:18,21.3,30.2
2025-11-22,22:26:48,21.3,30.2
2025-11-22,22:27:20,21.4,30.2
2025-11-22,22:27:48,21.4,30.2
2025-11-22,22:28:18,21.4,30.1
2025-11-22,22:28:48,21.4,30.1
2025-11-22,22:29:18,21.5,30.0
2025-11-22,22:29:48,21.4,30.0
2025-11-22,22:30:18,21.3,30.1
2025-11-22,22:30:48,21.2,30.2
2025-11-22,22:31:18,21.2,30.3
2025-11-22,22:31:48,21.2,30.3
2025-11-22,22:32:18,21.2,30.3
2025-11-22,22:32:48,21.2,30.3
2025-11-22,22:33:18,21.2,30.3
2025-11-22,22:33:48,21.2,30.2
2025-11-22,22:34:18,21.1,30.3
2025-11-22,22:34:48,21.1,30.4
2025-11-22,22:35:18,21.1,30.3
2025-11-22,22:35:48,21.2,30.3
2025-11-22,22:36:18,21.2,30.3
2025-11-22,22:36:48,21.2,30.3
2025-11-22,22:37:18,21.2,30.3
2025-11-22,22:37:48,21.3,30.3
2025-11-22,22:38:18,21.3,30.2
2025-11-22,22:38:48,21.3,30.2
2025-11-22,22:39:18,21.4,30.1
2025-11-22,22:39:48,21.4,30.1
2025-11-22,22:40:18,21.3,30.1
2025-11-22,22:40:48,21.3,30.2
2025-11-22,22:41:18,21.2,30.2
2025-11-22,22:41:48,21.2,30.3
2025-11-22,22:42:18,21.2,30.3
2025-11-22,22:42:48,21.2,30.3
2025-11-22,22:43:18,21.2,30.3
2025-11-22,22:43:48,21.2,30.3
2025-11-22,22:44:18,21.2,30.3
2025-11-22,22:44:48,21.2,30.3
2025-11-22,22:45:18,21.2,30.3
2025-11-22,22:45:48,21.2,30.3
2025-11-22,22:46:18,21.2,30.3
2025-11-22,22:46:48,21.2,30.3
2025-11-22,22:47:18,21.2,30.3
2025-11-22,22:47:48,21.2,30.2
2025-11-22,22:48:18,21.3,30.2
2025-11-22,22:48:48,21.3,30.2
2025-11-22,22:49:18,21.3,30.2
2025-11-22,22:49:48,21.4,30.1
2025-11-22,22:50:18,21.4,30.1
2025-11-22,22:50:48,21.3,30.1
2025-11-22,22:51:18,21.3,30.2
2025-11-22,22:51:48,21.2,30.2
2025-11-22,22:52:18,21.1,30.3
2025-11-22,22:52:48,21.1,30.3
2025-11-22,22:53:18,21.1,30.3
2025-11-22,22:53:48,21.1,30.3
2025-11-22,22:54:18,21.1,30.3
2025-11-22,22:54:48,21.1,30.3
2025-11-22,22:55:18,21.1,30.3
2025-11-22,22:55:48,21.1,30.4
2025-11-22,22:56:18,21.0,30.4
2025-11-22,22:56:48,21.0,30.4
2025-11-22,22:57:18,21.0,30.4
2025-11-22,22:57:48,21.1,30.4
2025-11-22,22:58:18,21.1,30.4
2025-11-22,22:58:48,21.1,30.4
2025-11-22,22:59:18,21.2,30.3
2025-11-22,22:59:48,21.3,30.2
2025-11-22,23:00:20,21.3,30.2
2025-11-22,23:00:48,21.3,30.2
2025-11-22,23:01:18,21.3,30.2
2025-11-22,23:01:48,21.3,30.1
2025-11-22,23:02:18,21.3,30.1
2025-11-22,23:02:48,21.4,30.1
2025-11-22,23:03:18,21.3,30.1
2025-11-22,23:03:48,21.3,30.1
2025-11-22,23:04:18,21.3,30.1
2025-11-22,23:04:48,21.3,30.1
2025-11-22,23:05:18,21.3,30.1
2025-11-22,23:05:48,21.2,30.2
2025-11-22,23:06:18,21.2,30.3
2025-11-22,23:06:48,21.2,30.2
2025-11-22,23:07:20,21.4,30.0
2025-11-22,23:07:48,21.4,30.1
2025-11-22,23:08:18,21.5,30.0
2025-11-22,23:08:48,21.5,29.9
2025-11-22,23:09:18,21.6,29.9
2025-11-22,23:09:48,21.6,29.9
2025-11-22,23:10:18,21.6,29.9
2025-11-22,23:10:48,21.6,29.9
2025-11-22,23:11:18,21.6,29.8
2025-11-22,23:11:48,21.5,29.8
2025-11-22,23:12:18,21.4,30.0
2025-11-22,23:12:48,21.3,30.0
2025-11-22,23:13:18,21.3,30.1
2025-11-22,23:13:48,21.3,30.1
2025-11-22,23:14:18,21.3,30.1
2025-11-22,23:14:50,21.3,30.1
2025-11-22,23:15:18,21.4,30.1
2025-11-22,23:15:48,21.4,30.0
2025-11-22,23:16:18,21.3,30.1
2025-11-22,23:16:48,21.2,30.2
2025-11-22,23:17:18,21.2,30.2
2025-11-22,23:17:48,21.2,30.2
2025-11-22,23:18:18,21.2,30.2
2025-11-22,23:18:48,21.2,30.2
2025-11-22,23:19:18,21.3,30.2
2025-11-22,23:19:48,21.3,30.1
2025-11-22,23:20:20,21.5,30.0
2025-11-22,23:20:48,21.5,30.0
2025-11-22,23:21:18,21.5,29.9
2025-11-22,23:21:48,21.5,29.9
2025-11-22,23:22:18,21.5,29.9
2025-11-22,23:22:48,21.4,30.0
2025-11-22,23:23:18,21.3,30.1
2025-11-22,23:23:48,21.3,30.1
2025-11-22,23:24:18,21.3,30.1
2025-11-22,23:24:48,21.3,30.1
2025-11-22,23:25:18,21.3,30.1
2025-11-22,23:25:48,21.3,30.1
2025-11-22,23:26:18,21.3,30.1
2025-11-22,23:26:48,21.2,30.2
2025-11-22,23:27:18,21.2,30.2
2025-11-22,23:27:48,21.2,30.2
2025-11-22,23:28:18,21.2,30.2
2025-11-22,23:28:48,21.3,30.2
2025-11-22,23:29:18,21.3,30.2
2025-11-22,23:29:48,21.3,30.1
2025-11-22,23:30:18,21.4,30.0
2025-11-22,23:30:48,21.4,30.0
2025-11-22,23:31:18,21.5,30.0
2025-11-22,23:31:48,21.5,29.9
2025-11-22,23:32:18,21.5,29.9
2025-11-22,23:32:48,21.4,30.0
2025-11-22,23:33:18,21.3,30.1
2025-11-22,23:33:48,21.2,30.2
2025-11-22,23:34:18,21.2,30.2
2025-11-22,23:34:48,21.2,30.2
2025-11-22,23:35:18,21.2,30.2
2025-11-22,23:35:48,21.2,30.1
2025-11-22,23:36:18,21.2,30.1
2025-11-22,23:36:48,21.2,30.2
2025-11-22,23:37:18,21.2,30.2
2025-11-22,23:37:48,21.2,30.2
2025-11-22,23:38:18,21.1,30.3
2025-11-22,23:38:48,21.1,30.3
2025-11-22,23:39:18,21.2,30.3
2025-11-22,23:39:48,21.2,30.2
2025-11-22,23:40:18,21.2,30.2
2025-11-22,23:40:48,21.3,30.2
2025-11-22,23:41:18,21.3,30.2
2025-11-22,23:41:48,21.3,30.1
2025-11-22,23:42:18,21.4,30.0
2025-11-22,23:42:48,21.5,29.9
2025-11-22,23:43:18,21.5,29.9
2025-11-22,23:43:48,21.5,29.9
2025-11-22,23:44:18,21.4,30.0
2025-11-22,23:44:48,21.3,30.1
2025-11-22,23:45:18,21.3,30.1
2025-11-22,23:45:48,21.3,30.1
2025-11-22,23:46:20,21.3,30.1
2025-11-22,23:46:48,21.3,30.1
2025-11-22,23:47:18,21.3,30.1
2025-11-22,23:47:48,21.2,30.1
2025-11-22,23:48:18,21.2,30.2
2025-11-22,23:48:48,21.2,30.2
2025-11-22,23:49:18,21.2,30.2
2025-11-22,23:49:48,21.2,30.2
2025-11-22,23:50:18,21.2,30.2
2025-11-22,23:50:48,21.2,30.2
2025-11-22,23:51:18,21.3,30.2
2025-11-22,23:51:48,21.3,30.1
2025-11-22,23:52:18,21.3,30.1
2025-11-22,23:52:48,21.3,30.1
2025-11-22,23:53:18,21.3,30.1
2025-11-22,23:53:48,21.3,30.1
2025-11-22,23:54:18,21.2,30.2
2025-11-22,23:54:48,21.2,30.2
2025-11-22,23:55:18,21.2,30.2
2025-11-22,23:55:48,21.2,30.1
2025-11-22,23:56:18,21.2,30.2
2025-11-22,23:56:48,21.2,30.2
2025-11-22,23:57:18,21.2,30.2
2025-11-22,23:57:48,21.2,30.2
2025-11-22,23:58:18,21.2,30.2
2025-11-22,23:58:48,21.2,30.2
2025-11-22,23:59:18,21.2,30.2
2025-11-22,23:59:48,21.2,30.2
