"# Sensor Name: external_sensor, Pin: 10, InfluxDB Org: thz_lab, InfluxDB Bucket: sensor_data"
date,time,temperature,humidity
2025-08-19,00:00:25,22.2,56.8
2025-08-19,00:00:55,22.2,56.8
2025-08-19,00:01:25,22.2,56.7
2025-08-19,00:01:55,22.2,56.7
2025-08-19,00:02:25,22.2,56.7
2025-08-19,00:02:55,22.3,56.6
2025-08-19,00:03:25,22.3,56.6
2025-08-19,00:03:55,22.3,56.5
2025-08-19,00:04:25,22.3,56.5
2025-08-19,00:04:55,22.3,56.5
2025-08-19,00:05:25,22.2,56.5
2025-08-19,00:05:55,22.1,56.8
2025-08-19,00:06:25,22.2,56.8
2025-08-19,00:06:55,22.2,56.8
2025-08-19,00:07:25,22.2,56.8
2025-08-19,00:07:55,22.1,56.9
2025-08-19,00:08:25,22.1,56.9
2025-08-19,00:08:55,22.1,56.8
2025-08-19,00:09:25,22.1,56.9
2025-08-19,00:09:55,22.1,57.0
2025-08-19,00:10:25,22.1,57.1
2025-08-19,00:10:55,22.1,57.0
2025-08-19,00:11:25,22.1,56.9
2025-08-19,00:11:55,22.1,56.9
2025-08-19,00:12:25,22.2,56.8
2025-08-19,00:12:55,22.1,56.8
2025-08-19,00:13:25,22.2,56.8
2025-08-19,00:13:55,22.2,56.8
2025-08-19,00:14:25,22.2,56.7
2025-08-19,00:14:55,22.2,56.7
2025-08-19,00:15:25,22.2,56.8
2025-08-19,00:15:55,22.1,56.8
2025-08-19,00:16:25,22.1,56.9
2025-08-19,00:16:55,22.1,56.8
2025-08-19,00:17:25,22.2,56.8
2025-08-19,00:17:55,22.1,56.8
2025-08-19,00:18:25,22.2,56.8
2025-08-19,00:18:55,22.1,56.8
2025-08-19,00:19:25,22.2,56.8
2025-08-19,00:19:55,22.2,56.7
2025-08-19,00:20:25,22.2,56.6
2025-08-19,00:20:55,22.2,56.6
2025-08-19,00:21:25,22.3,56.5
2025-08-19,00:21:55,22.3,56.5
2025-08-19,00:22:25,22.3,56.4
2025-08-19,00:22:55,22.3,56.4
2025-08-19,00:23:25,22.3,56.5
2025-08-19,00:23:55,22.3,56.5
2025-08-19,00:24:25,22.3,56.5
2025-08-19,00:24:55,22.3,56.4
2025-08-19,00:25:25,22.2,56.5
2025-08-19,00:25:55,22.3,56.5
2025-08-19,00:26:25,22.2,56.6
2025-08-19,00:26:55,22.2,56.6
2025-08-19,00:27:25,22.2,56.6
2025-08-19,00:27:55,22.2,56.6
2025-08-19,00:28:25,22.2,56.7
2025-08-19,00:28:55,22.2,56.7
2025-08-19,00:29:25,22.2,56.8
2025-08-19,00:29:55,22.2,56.7
2025-08-19,00:30:25,22.2,56.7
2025-08-19,00:30:55,22.2,56.7
2025-08-19,00:31:25,22.1,56.8
2025-08-19,00:31:55,22.1,56.9
2025-08-19,00:32:25,22.1,56.9
2025-08-19,00:32:55,22.1,56.9
2025-08-19,00:33:25,22.1,56.9
2025-08-19,00:33:57,22.1,56.9
2025-08-19,00:34:25,22.1,56.8
2025-08-19,00:34:55,22.1,56.9
2025-08-19,00:35:25,22.0,57.0
2025-08-19,00:35:55,22.0,57.1
2025-08-19,00:36:25,22.0,57.2
2025-08-19,00:36:55,22.0,57.2
2025-08-19,00:37:25,22.0,57.1
2025-08-19,00:37:55,22.0,57.1
2025-08-19,00:38:25,22.0,57.2
2025-08-19,00:38:55,22.1,57.1
2025-08-19,00:39:27,22.1,56.9
2025-08-19,00:39:55,22.2,56.8
2025-08-19,00:40:25,22.1,56.8
2025-08-19,00:40:55,22.2,56.7
2025-08-19,00:41:25,22.2,56.7
2025-08-19,00:41:55,22.2,56.7
2025-08-19,00:42:25,22.2,56.7
2025-08-19,00:42:55,22.2,56.7
2025-08-19,00:43:25,22.2,56.7
2025-08-19,00:43:55,22.2,56.8
2025-08-19,00:44:25,22.1,56.9
2025-08-19,00:44:55,22.0,57.0
2025-08-19,00:45:25,22.0,57.1
2025-08-19,00:45:55,22.0,57.2
2025-08-19,00:46:25,22.0,57.2
2025-08-19,00:46:55,22.1,57.1
2025-08-19,00:47:25,22.1,57.1
2025-08-19,00:47:55,22.1,56.9
2025-08-19,00:48:25,22.0,57.1
2025-08-19,00:48:55,22.1,57.0
2025-08-19,00:49:25,22.1,56.9
2025-08-19,00:49:55,22.2,56.8
2025-08-19,00:50:25,22.2,56.7
2025-08-19,00:50:55,22.2,56.7
2025-08-19,00:51:25,22.2,56.7
2025-08-19,00:51:55,22.2,56.7
2025-08-19,00:52:25,22.3,56.6
2025-08-19,00:52:55,22.3,56.5
2025-08-19,00:53:25,22.2,56.5
2025-08-19,00:53:55,22.2,56.6
2025-08-19,00:54:25,22.2,56.7
2025-08-19,00:54:55,22.1,56.8
2025-08-19,00:55:25,22.1,56.9
2025-08-19,00:55:55,22.1,57.0
2025-08-19,00:56:25,22.1,57.0
2025-08-19,00:56:55,22.1,57.0
2025-08-19,00:57:25,22.1,57.0
2025-08-19,00:57:55,22.0,57.1
2025-08-19,00:58:25,22.0,57.1
2025-08-19,00:58:55,22.0,57.1
2025-08-19,00:59:25,22.1,57.0
2025-08-19,00:59:55,22.1,56.9
2025-08-19,01:00:25,22.2,56.8
2025-08-19,01:00:55,22.2,56.8
2025-08-19,01:01:25,22.2,56.7
2025-08-19,01:01:55,22.2,56.6
2025-08-19,01:02:25,22.2,56.6
2025-08-19,01:02:55,22.2,56.7
2025-08-19,01:03:25,22.2,56.7
2025-08-19,01:03:55,22.2,56.7
2025-08-19,01:04:25,22.2,56.6
2025-08-19,01:04:55,22.2,56.6
2025-08-19,01:05:25,22.2,56.6
2025-08-19,01:05:55,22.1,56.8
2025-08-19,01:06:25,22.1,56.9
2025-08-19,01:06:55,22.1,57.0
2025-08-19,01:07:25,22.1,57.0
2025-08-19,01:07:55,22.0,57.0
2025-08-19,01:08:25,22.1,57.0
2025-08-19,01:08:55,22.1,57.0
2025-08-19,01:09:25,22.0,57.1
2025-08-19,01:09:55,22.0,57.2
2025-08-19,01:10:25,22.1,57.1
2025-08-19,01:10:57,22.1,56.9
2025-08-19,01:11:25,22.1,56.8
2025-08-19,01:11:55,22.1,56.8
2025-08-19,01:12:25,22.1,56.8
2025-08-19,01:12:55,22.1,56.8
2025-08-19,01:13:25,22.2,56.7
2025-08-19,01:13:55,22.2,56.7
2025-08-19,01:14:25,22.1,56.8
2025-08-19,01:14:55,22.2,56.7
2025-08-19,01:15:25,22.2,56.7
2025-08-19,01:15:55,22.2,56.6
2025-08-19,01:16:25,22.2,56.6
2025-08-19,01:16:55,22.3,56.5
2025-08-19,01:17:25,22.3,56.4
2025-08-19,01:17:55,22.3,56.3
2025-08-19,01:18:25,22.4,56.2
2025-08-19,01:18:55,22.4,56.1
2025-08-19,01:19:25,22.5,55.9
2025-08-19,01:19:55,22.5,55.8
2025-08-19,01:20:25,22.6,55.7
2025-08-19,01:20:55,22.6,55.6
2025-08-19,01:21:25,22.6,55.5
2025-08-19,01:21:55,22.7,55.5
2025-08-19,01:22:25,22.6,55.5
2025-08-19,01:22:55,22.6,55.5
2025-08-19,01:23:25,22.6,55.6
2025-08-19,01:23:55,22.6,55.6
2025-08-19,01:24:25,22.5,55.7
2025-08-19,01:24:55,22.5,55.8
2025-08-19,01:25:25,22.4,56.0
2025-08-19,01:25:55,22.4,56.1
2025-08-19,01:26:25,22.4,56.1
2025-08-19,01:26:55,22.4,56.1
2025-08-19,01:27:25,22.4,56.2
2025-08-19,01:27:55,22.4,56.2
2025-08-19,01:28:25,22.3,56.2
2025-08-19,01:28:55,22.3,56.3
2025-08-19,01:29:25,22.3,56.3
2025-08-19,01:29:55,22.3,56.4
2025-08-19,01:30:25,22.3,56.3
2025-08-19,01:30:55,22.3,56.4
2025-08-19,01:31:25,22.3,56.4
2025-08-19,01:31:55,22.3,56.4
2025-08-19,01:32:25,22.3,56.4
2025-08-19,01:32:55,22.3,56.4
2025-08-19,01:33:25,22.3,56.4
2025-08-19,01:33:55,22.3,56.4
2025-08-19,01:34:25,22.3,56.4
2025-08-19,01:34:55,22.3,56.4
2025-08-19,01:35:25,22.3,56.4
2025-08-19,01:35:55,22.3,56.4
2025-08-19,01:36:25,22.3,56.4
2025-08-19,01:36:55,22.2,56.5
2025-08-19,01:37:25,22.3,56.5
2025-08-19,01:37:55,22.2,56.5
2025-08-19,01:38:25,22.2,56.6
2025-08-19,01:38:55,22.2,56.6
2025-08-19,01:39:25,22.2,56.6
2025-08-19,01:39:55,22.2,56.6
2025-08-19,01:40:25,22.3,56.6
2025-08-19,01:40:55,22.3,56.6
2025-08-19,01:41:25,22.3,56.6
2025-08-19,01:41:55,22.2,56.5
2025-08-19,01:42:25,22.2,56.6
2025-08-19,01:42:55,22.2,56.6
2025-08-19,01:43:25,22.3,56.5
2025-08-19,01:43:55,22.3,56.5
2025-08-19,01:44:25,22.3,56.5
2025-08-19,01:44:55,22.3,56.4
2025-08-19,01:45:25,22.3,56.5
2025-08-19,01:45:55,22.3,56.4
2025-08-19,01:46:25,22.3,56.5
2025-08-19,01:46:55,22.2,56.6
2025-08-19,01:47:25,22.2,56.6
2025-08-19,01:47:55,22.2,56.6
2025-08-19,01:48:25,22.2,56.7
2025-08-19,01:48:55,22.2,56.8
2025-08-19,01:49:25,22.2,56.8
2025-08-19,01:49:55,22.1,56.8
2025-08-19,01:50:25,22.1,56.8
2025-08-19,01:50:55,22.2,56.7
2025-08-19,01:51:25,22.2,56.6
2025-08-19,01:51:55,22.2,56.6
2025-08-19,01:52:25,22.2,56.6
2025-08-19,01:52:55,22.2,56.5
2025-08-19,01:53:25,22.2,56.5
2025-08-19,01:53:55,22.3,56.5
2025-08-19,01:54:25,22.2,56.5
2025-08-19,01:54:55,22.2,56.6
2025-08-19,01:55:25,22.2,56.5
2025-08-19,01:55:57,22.2,56.7
2025-08-19,01:56:25,22.2,56.7
2025-08-19,01:56:55,22.1,56.8
2025-08-19,01:57:25,22.2,56.7
2025-08-19,01:57:55,22.2,56.7
2025-08-19,01:58:25,22.2,56.7
2025-08-19,01:58:55,22.2,56.7
2025-08-19,01:59:25,22.2,56.8
2025-08-19,01:59:55,22.2,56.7
2025-08-19,02:00:25,22.2,56.6
2025-08-19,02:00:55,22.2,56.6
2025-08-19,02:01:25,22.1,56.7
2025-08-19,02:01:55,22.2,56.8
2025-08-19,02:02:25,22.2,56.7
2025-08-19,02:02:55,22.2,56.7
2025-08-19,02:03:25,22.2,56.6
2025-08-19,02:03:55,22.2,56.6
2025-08-19,02:04:25,22.2,56.5
2025-08-19,02:04:55,22.2,56.5
2025-08-19,02:05:25,22.2,56.6
2025-08-19,02:05:55,22.2,56.7
2025-08-19,02:06:25,22.1,56.8
2025-08-19,02:06:55,22.1,56.8
2025-08-19,02:07:25,22.1,56.8
2025-08-19,02:07:55,22.2,56.7
2025-08-19,02:08:25,22.1,56.8
2025-08-19,02:08:55,22.1,56.8
2025-08-19,02:09:25,22.2,56.7
2025-08-19,02:09:55,22.2,56.7
2025-08-19,02:10:25,22.2,56.6
2025-08-19,02:10:55,22.2,56.6
2025-08-19,02:11:25,22.2,56.6
2025-08-19,02:11:55,22.2,56.6
2025-08-19,02:12:25,22.2,56.6
2025-08-19,02:12:55,22.2,56.6
2025-08-19,02:13:25,22.2,56.6
2025-08-19,02:13:55,22.2,56.6
2025-08-19,02:14:25,22.2,56.6
2025-08-19,02:14:55,22.2,56.6
2025-08-19,02:15:25,22.2,56.6
2025-08-19,02:15:55,22.2,56.6
2025-08-19,02:16:25,22.2,56.7
2025-08-19,02:16:55,22.2,56.7
2025-08-19,02:17:25,22.2,56.7
2025-08-19,02:17:55,22.2,56.7
2025-08-19,02:18:25,22.1,56.8
2025-08-19,02:18:55,22.1,56.8
2025-08-19,02:19:25,22.2,56.7
2025-08-19,02:19:55,22.2,56.7
2025-08-19,02:20:25,22.2,56.7
2025-08-19,02:20:55,22.2,56.7
2025-08-19,02:21:25,22.2,56.7
2025-08-19,02:21:55,22.2,56.6
2025-08-19,02:22:25,22.2,56.6
2025-08-19,02:22:55,22.2,56.6
2025-08-19,02:23:25,22.2,56.5
2025-08-19,02:23:55,22.2,56.5
2025-08-19,02:24:25,22.3,56.5
2025-08-19,02:24:55,22.3,56.5
2025-08-19,02:25:25,22.3,56.5
2025-08-19,02:25:55,22.3,56.4
2025-08-19,02:26:25,22.2,56.5
2025-08-19,02:26:55,22.2,56.5
2025-08-19,02:27:25,22.2,56.5
2025-08-19,02:27:55,22.2,56.6
2025-08-19,02:28:25,22.2,56.6
2025-08-19,02:28:55,22.2,56.6
2025-08-19,02:29:25,22.2,56.6
2025-08-19,02:29:55,22.2,56.7
2025-08-19,02:30:25,22.2,56.7
2025-08-19,02:30:55,22.2,56.6
2025-08-19,02:31:25,22.3,56.5
2025-08-19,02:31:55,22.3,56.5
2025-08-19,02:32:25,22.3,56.5
2025-08-19,02:32:55,22.3,56.4
2025-08-19,02:33:25,22.3,56.4
2025-08-19,02:33:55,22.3,56.4
2025-08-19,02:34:25,22.3,56.4
2025-08-19,02:34:55,22.3,56.5
2025-08-19,02:35:25,22.3,56.4
2025-08-19,02:35:55,22.3,56.5
2025-08-19,02:36:25,22.2,56.5
2025-08-19,02:36:55,22.2,56.6
2025-08-19,02:37:25,22.1,56.7
2025-08-19,02:37:55,22.1,56.8
2025-08-19,02:38:25,22.1,56.8
2025-08-19,02:38:55,22.1,56.9
2025-08-19,02:39:25,22.1,56.9
2025-08-19,02:39:55,22.1,56.9
2025-08-19,02:40:25,22.1,56.9
2025-08-19,02:40:55,22.1,56.9
2025-08-19,02:41:25,22.1,56.8
2025-08-19,02:41:55,22.1,56.8
2025-08-19,02:42:25,22.2,56.7
2025-08-19,02:42:55,22.2,56.7
2025-08-19,02:43:25,22.2,56.7
2025-08-19,02:43:55,22.2,56.7
2025-08-19,02:44:25,22.2,56.6
2025-08-19,02:44:55,22.2,56.7
2025-08-19,02:45:25,22.2,56.7
2025-08-19,02:45:55,22.2,56.6
2025-08-19,02:46:25,22.2,56.6
2025-08-19,02:46:55,22.2,56.6
2025-08-19,02:47:25,22.2,56.7
2025-08-19,02:47:55,22.2,56.6
2025-08-19,02:48:25,22.2,56.7
2025-08-19,02:48:55,22.2,56.6
2025-08-19,02:49:25,22.2,56.6
2025-08-19,02:49:55,22.2,56.6
2025-08-19,02:50:25,22.2,56.7
2025-08-19,02:50:55,22.1,56.7
2025-08-19,02:51:25,22.1,56.9
2025-08-19,02:51:55,22.1,56.8
2025-08-19,02:52:25,22.1,56.8
2025-08-19,02:52:55,22.2,56.7
2025-08-19,02:53:25,22.2,56.6
2025-08-19,02:53:55,22.2,56.6
2025-08-19,02:54:25,22.2,56.5
2025-08-19,02:54:55,22.2,56.5
2025-08-19,02:55:25,22.3,56.5
2025-08-19,02:55:55,22.2,56.5
2025-08-19,02:56:25,22.2,56.5
2025-08-19,02:56:55,22.1,56.7
2025-08-19,02:57:25,22.1,56.8
2025-08-19,02:57:55,22.0,56.9
2025-08-19,02:58:25,22.1,57.0
2025-08-19,02:58:55,22.1,56.9
2025-08-19,02:59:25,22.0,57.0
2025-08-19,02:59:55,22.0,57.0
2025-08-19,03:00:25,22.0,57.1
2025-08-19,03:00:55,22.0,57.1
2025-08-19,03:01:25,22.1,57.0
2025-08-19,03:01:55,22.1,56.9
2025-08-19,03:02:25,22.1,56.9
2025-08-19,03:02:55,22.1,56.8
2025-08-19,03:03:25,22.1,56.8
2025-08-19,03:03:55,22.2,56.8
2025-08-19,03:04:25,22.2,56.7
2025-08-19,03:04:55,22.2,56.7
2025-08-19,03:05:25,22.2,56.6
2025-08-19,03:05:55,22.2,56.6
2025-08-19,03:06:25,22.2,56.6
2025-08-19,03:06:55,22.2,56.6
2025-08-19,03:07:25,22.2,56.6
2025-08-19,03:07:55,22.2,56.6
2025-08-19,03:08:25,22.2,56.7
2025-08-19,03:08:55,22.1,56.8
2025-08-19,03:09:25,22.1,56.8
2025-08-19,03:09:55,22.1,56.9
2025-08-19,03:10:25,22.1,56.8
2025-08-19,03:10:55,22.1,56.8
2025-08-19,03:11:25,22.1,56.8
2025-08-19,03:11:55,22.1,56.9
2025-08-19,03:12:25,22.1,56.9
2025-08-19,03:12:55,22.1,56.9
2025-08-19,03:13:25,22.1,56.8
2025-08-19,03:13:55,22.1,56.8
2025-08-19,03:14:25,22.1,56.8
2025-08-19,03:14:55,22.1,56.8
2025-08-19,03:15:25,22.1,56.8
2025-08-19,03:15:55,22.1,56.8
2025-08-19,03:16:25,22.1,56.7
2025-08-19,03:16:55,22.2,56.7
2025-08-19,03:17:25,22.1,56.7
2025-08-19,03:17:55,22.0,57.0
2025-08-19,03:18:25,22.0,57.1
2025-08-19,03:18:55,22.0,57.2
2025-08-19,03:19:25,22.0,57.2
2025-08-19,03:19:55,22.0,57.1
2025-08-19,03:20:25,22.1,57.1
2025-08-19,03:20:55,22.1,56.9
2025-08-19,03:21:25,22.1,56.9
2025-08-19,03:21:55,22.1,56.9
2025-08-19,03:22:25,22.1,56.9
2025-08-19,03:22:55,22.2,56.8
2025-08-19,03:23:25,22.2,56.7
2025-08-19,03:23:55,22.1,56.7
2025-08-19,03:24:27,22.1,56.8
2025-08-19,03:24:55,22.1,56.7
2025-08-19,03:25:25,22.1,56.7
2025-08-19,03:25:55,22.1,56.8
2025-08-19,03:26:25,22.2,56.7
2025-08-19,03:26:55,22.1,56.7
2025-08-19,03:27:25,22.2,56.7
2025-08-19,03:27:55,22.2,56.6
2025-08-19,03:28:25,22.2,56.6
2025-08-19,03:28:55,22.1,56.8
2025-08-19,03:29:25,22.2,56.7
2025-08-19,03:29:55,22.2,56.6
2025-08-19,03:30:25,22.2,56.6
2025-08-19,03:30:55,22.2,56.6
2025-08-19,03:31:25,22.2,56.7
2025-08-19,03:31:55,22.2,56.7
2025-08-19,03:32:25,22.2,56.7
2025-08-19,03:32:55,22.2,56.6
2025-08-19,03:33:25,22.2,56.6
2025-08-19,03:33:55,22.2,56.6
2025-08-19,03:34:25,22.2,56.5
2025-08-19,03:34:57,22.2,56.6
2025-08-19,03:35:25,22.2,56.6
2025-08-19,03:35:55,22.2,56.6
2025-08-19,03:36:25,22.2,56.6
2025-08-19,03:36:55,22.2,56.5
2025-08-19,03:37:25,22.2,56.5
2025-08-19,03:37:55,22.2,56.6
2025-08-19,03:38:25,22.2,56.6
2025-08-19,03:38:55,22.2,56.6
2025-08-19,03:39:25,22.2,56.6
2025-08-19,03:39:55,22.1,56.7
2025-08-19,03:40:25,22.1,56.8
2025-08-19,03:40:55,22.1,56.8
2025-08-19,03:41:25,22.1,56.9
2025-08-19,03:41:55,22.0,57.0
2025-08-19,03:42:25,22.0,57.0
2025-08-19,03:42:55,22.1,56.9
2025-08-19,03:43:25,22.1,56.8
2025-08-19,03:43:55,22.1,56.7
2025-08-19,03:44:25,22.2,56.7
2025-08-19,03:44:55,22.2,56.6
2025-08-19,03:45:25,22.2,56.7
2025-08-19,03:45:55,22.2,56.6
2025-08-19,03:46:25,22.2,56.6
2025-08-19,03:46:55,22.2,56.6
2025-08-19,03:47:25,22.2,56.6
2025-08-19,03:47:55,22.2,56.6
2025-08-19,03:48:25,22.2,56.6
2025-08-19,03:48:55,22.2,56.6
2025-08-19,03:49:25,22.2,56.6
2025-08-19,03:49:55,22.2,56.6
2025-08-19,03:50:25,22.2,56.5
2025-08-19,03:50:55,22.2,56.5
2025-08-19,03:51:25,22.1,56.6
2025-08-19,03:51:55,22.1,56.8
2025-08-19,03:52:25,22.1,56.8
2025-08-19,03:52:55,22.1,56.8
2025-08-19,03:53:25,22.1,56.7
2025-08-19,03:53:55,22.2,56.7
2025-08-19,03:54:25,22.2,56.6
2025-08-19,03:54:55,22.2,56.6
2025-08-19,03:55:25,22.2,56.6
2025-08-19,03:55:55,22.2,56.5
2025-08-19,03:56:25,22.2,56.5
2025-08-19,03:56:55,22.2,56.5
2025-08-19,03:57:25,22.2,56.5
2025-08-19,03:57:55,22.2,56.5
2025-08-19,03:58:25,22.2,56.6
2025-08-19,03:58:55,22.1,56.7
2025-08-19,03:59:25,22.1,56.7
2025-08-19,03:59:55,22.1,56.8
2025-08-19,04:00:25,22.1,56.8
2025-08-19,04:00:55,22.1,56.8
2025-08-19,04:01:25,22.0,56.9
2025-08-19,04:01:55,22.0,57.0
2025-08-19,04:02:25,22.0,57.1
2025-08-19,04:02:55,22.0,57.0
2025-08-19,04:03:25,22.0,57.0
2025-08-19,04:03:55,22.1,56.9
2025-08-19,04:04:25,22.1,56.9
2025-08-19,04:04:55,22.1,56.8
2025-08-19,04:05:25,22.1,56.7
2025-08-19,04:05:55,22.1,56.7
2025-08-19,04:06:25,22.1,56.7
2025-08-19,04:06:55,22.2,56.7
2025-08-19,04:07:25,22.2,56.5
2025-08-19,04:07:55,22.3,56.4
2025-08-19,04:08:25,22.3,56.3
2025-08-19,04:08:55,22.2,56.4
2025-08-19,04:09:25,22.2,56.5
2025-08-19,04:09:55,22.2,56.6
2025-08-19,04:10:25,22.2,56.6
2025-08-19,04:10:55,22.2,56.6
2025-08-19,04:11:25,22.2,56.6
2025-08-19,04:11:55,22.2,56.6
2025-08-19,04:12:25,22.2,56.6
2025-08-19,04:12:55,22.2,56.6
2025-08-19,04:13:25,22.2,56.6
2025-08-19,04:13:55,22.2,56.5
2025-08-19,04:14:25,22.2,56.5
2025-08-19,04:14:55,22.2,56.5
2025-08-19,04:15:25,22.2,56.5
2025-08-19,04:15:55,22.2,56.5
2025-08-19,04:16:25,22.2,56.5
2025-08-19,04:16:55,22.2,56.5
2025-08-19,04:17:25,22.2,56.5
2025-08-19,04:17:55,22.2,56.5
2025-08-19,04:18:25,22.2,56.5
2025-08-19,04:18:55,22.2,56.5
2025-08-19,04:19:25,22.2,56.6
2025-08-19,04:19:55,22.1,56.7
2025-08-19,04:20:25,22.1,56.7
2025-08-19,04:20:55,22.1,56.8
2025-08-19,04:21:25,22.1,56.7
2025-08-19,04:21:55,22.2,56.7
2025-08-19,04:22:25,22.1,56.7
2025-08-19,04:22:55,22.1,56.8
2025-08-19,04:23:25,22.1,56.7
2025-08-19,04:23:55,22.1,56.7
2025-08-19,04:24:25,22.1,56.7
2025-08-19,04:24:55,22.2,56.6
2025-08-19,04:25:27,22.2,56.5
2025-08-19,04:25:55,22.2,56.5
2025-08-19,04:26:25,22.2,56.5
2025-08-19,04:26:55,22.2,56.5
2025-08-19,04:27:25,22.2,56.5
2025-08-19,04:27:55,22.2,56.5
2025-08-19,04:28:25,22.1,56.6
2025-08-19,04:28:55,22.1,56.7
2025-08-19,04:29:25,22.1,56.7
2025-08-19,04:29:55,22.2,56.6
2025-08-19,04:30:25,22.2,56.6
2025-08-19,04:30:55,22.3,56.4
2025-08-19,04:31:25,22.3,56.3
2025-08-19,04:31:55,22.2,56.4
2025-08-19,04:32:25,22.3,56.4
2025-08-19,04:32:55,22.2,56.4
2025-08-19,04:33:25,22.2,56.4
2025-08-19,04:33:55,22.2,56.5
2025-08-19,04:34:25,22.2,56.6
2025-08-19,04:34:55,22.2,56.6
2025-08-19,04:35:25,22.2,56.6
2025-08-19,04:35:55,22.2,56.5
2025-08-19,04:36:25,22.2,56.4
2025-08-19,04:36:55,22.2,56.4
2025-08-19,04:37:25,22.2,56.4
2025-08-19,04:37:55,22.2,56.4
2025-08-19,04:38:25,22.2,56.4
2025-08-19,04:38:55,22.2,56.6
2025-08-19,04:39:25,22.1,56.7
2025-08-19,04:39:55,22.1,56.7
2025-08-19,04:40:25,22.2,56.6
2025-08-19,04:40:55,22.2,56.5
2025-08-19,04:41:25,22.2,56.6
2025-08-19,04:41:55,22.1,56.6
2025-08-19,04:42:25,22.2,56.6
2025-08-19,04:42:55,22.2,56.6
2025-08-19,04:43:25,22.2,56.5
2025-08-19,04:43:55,22.2,56.4
2025-08-19,04:44:25,22.2,56.4
2025-08-19,04:44:55,22.2,56.4
2025-08-19,04:45:25,22.3,56.4
2025-08-19,04:45:55,22.3,56.3
2025-08-19,04:46:25,22.2,56.3
2025-08-19,04:46:55,22.2,56.4
2025-08-19,04:47:25,22.2,56.5
2025-08-19,04:47:55,22.2,56.5
2025-08-19,04:48:25,22.2,56.5
2025-08-19,04:48:55,22.2,56.5
2025-08-19,04:49:25,22.2,56.5
2025-08-19,04:49:55,22.1,56.6
2025-08-19,04:50:25,22.1,56.6
2025-08-19,04:50:55,22.1,56.7
2025-08-19,04:51:25,22.1,56.8
2025-08-19,04:51:55,22.1,56.8
2025-08-19,04:52:25,22.0,56.9
2025-08-19,04:52:55,22.0,56.9
2025-08-19,04:53:27,22.1,56.9
2025-08-19,04:53:55,22.1,56.8
2025-08-19,04:54:25,22.1,56.8
2025-08-19,04:54:55,22.1,56.7
2025-08-19,04:55:25,22.2,56.6
2025-08-19,04:55:55,22.2,56.6
2025-08-19,04:56:25,22.2,56.5
2025-08-19,04:56:55,22.2,56.6
2025-08-19,04:57:25,22.1,56.6
2025-08-19,04:57:55,22.2,56.5
2025-08-19,04:58:25,22.2,56.4
2025-08-19,04:58:55,22.2,56.4
2025-08-19,04:59:25,22.1,56.5
2025-08-19,04:59:55,22.1,56.6
2025-08-19,05:00:25,22.1,56.7
2025-08-19,05:00:55,22.1,56.7
2025-08-19,05:01:25,22.1,56.7
2025-08-19,05:01:55,22.1,56.7
2025-08-19,05:02:25,22.1,56.7
2025-08-19,05:02:55,22.0,56.9
2025-08-19,05:03:25,22.0,56.9
2025-08-19,05:03:55,22.0,56.9
2025-08-19,05:04:25,22.1,56.8
2025-08-19,05:04:55,22.1,56.7
2025-08-19,05:05:25,22.1,56.7
2025-08-19,05:05:55,22.1,56.6
2025-08-19,05:06:25,22.1,56.6
2025-08-19,05:06:55,22.1,56.6
2025-08-19,05:07:25,22.2,56.5
2025-08-19,05:07:55,22.2,56.5
2025-08-19,05:08:25,22.2,56.5
2025-08-19,05:08:55,22.2,56.5
2025-08-19,05:09:25,22.1,56.6
2025-08-19,05:09:55,22.1,56.6
2025-08-19,05:10:25,22.2,56.6
2025-08-19,05:10:55,22.1,56.6
2025-08-19,05:11:25,22.1,56.6
2025-08-19,05:11:55,22.1,56.6
2025-08-19,05:12:25,22.2,56.6
2025-08-19,05:12:55,22.1,56.6
2025-08-19,05:13:25,22.1,56.7
2025-08-19,05:13:55,22.0,56.8
2025-08-19,05:14:25,22.0,56.9
2025-08-19,05:14:55,22.0,56.9
2025-08-19,05:15:25,22.1,56.8
2025-08-19,05:15:55,22.1,56.7
2025-08-19,05:16:25,22.1,56.7
2025-08-19,05:16:55,22.1,56.7
2025-08-19,05:17:25,22.1,56.6
2025-08-19,05:17:55,22.1,56.6
2025-08-19,05:18:25,22.1,56.5
2025-08-19,05:18:55,22.2,56.5
2025-08-19,05:19:25,22.2,56.5
2025-08-19,05:19:55,22.2,56.5
2025-08-19,05:20:25,22.2,56.5
2025-08-19,05:20:55,22.1,56.6
2025-08-19,05:21:25,22.1,56.6
2025-08-19,05:21:55,22.1,56.7
2025-08-19,05:22:25,22.1,56.7
2025-08-19,05:22:55,22.1,56.7
2025-08-19,05:23:25,22.1,56.7
2025-08-19,05:23:55,22.1,56.7
2025-08-19,05:24:25,22.1,56.7
2025-08-19,05:24:55,22.1,56.7
2025-08-19,05:25:25,22.1,56.6
2025-08-19,05:25:55,22.1,56.6
2025-08-19,05:26:25,22.1,56.6
2025-08-19,05:26:55,22.1,56.6
2025-08-19,05:27:27,22.2,56.5
2025-08-19,05:27:55,22.1,56.5
2025-08-19,05:28:25,22.1,56.5
2025-08-19,05:28:55,22.2,56.5
2025-08-19,05:29:25,22.1,56.6
2025-08-19,05:29:55,22.1,56.7
2025-08-19,05:30:25,22.0,56.8
2025-08-19,05:30:55,22.1,56.8
2025-08-19,05:31:25,22.1,56.7
2025-08-19,05:31:55,22.1,56.6
2025-08-19,05:32:25,22.1,56.6
2025-08-19,05:32:55,22.2,56.5
2025-08-19,05:33:25,22.1,56.6
2025-08-19,05:33:55,22.2,56.5
2025-08-19,05:34:25,22.2,56.4
2025-08-19,05:34:55,22.2,56.4
2025-08-19,05:35:25,22.2,56.4
2025-08-19,05:35:55,22.3,56.3
2025-08-19,05:36:25,22.3,56.2
2025-08-19,05:36:55,22.3,56.2
2025-08-19,05:37:25,22.2,56.3
2025-08-19,05:37:55,22.2,56.3
2025-08-19,05:38:25,22.2,56.4
2025-08-19,05:38:55,22.2,56.4
2025-08-19,05:39:25,22.2,56.5
2025-08-19,05:39:55,22.1,56.5
2025-08-19,05:40:25,22.1,56.5
2025-08-19,05:40:55,22.1,56.6
2025-08-19,05:41:25,22.1,56.6
2025-08-19,05:41:55,22.1,56.7
2025-08-19,05:42:25,22.0,56.8
2025-08-19,05:42:55,22.0,56.8
2025-08-19,05:43:25,22.0,56.8
2025-08-19,05:43:55,22.0,56.8
2025-08-19,05:44:25,22.1,56.7
2025-08-19,05:44:55,22.1,56.7
2025-08-19,05:45:25,22.1,56.7
2025-08-19,05:45:55,22.1,56.7
2025-08-19,05:46:25,22.1,56.7
2025-08-19,05:46:55,22.1,56.7
2025-08-19,05:47:25,22.1,56.7
2025-08-19,05:47:55,22.1,56.6
2025-08-19,05:48:25,22.1,56.6
2025-08-19,05:48:55,22.1,56.5
2025-08-19,05:49:25,22.2,56.4
2025-08-19,05:49:55,22.2,56.5
2025-08-19,05:50:25,22.1,56.6
2025-08-19,05:50:55,22.1,56.7
2025-08-19,05:51:25,22.1,56.6
2025-08-19,05:51:55,22.1,56.6
2025-08-19,05:52:25,22.1,56.7
2025-08-19,05:52:55,22.1,56.6
2025-08-19,05:53:25,22.1,56.6
2025-08-19,05:53:55,22.2,56.6
2025-08-19,05:54:25,22.2,56.5
2025-08-19,05:54:55,22.2,56.4
2025-08-19,05:55:25,22.2,56.4
2025-08-19,05:55:55,22.3,56.3
2025-08-19,05:56:25,22.3,56.3
2025-08-19,05:56:57,22.3,56.2
2025-08-19,05:57:25,22.3,56.2
2025-08-19,05:57:55,22.3,56.2
2025-08-19,05:58:25,22.2,56.3
2025-08-19,05:58:55,22.2,56.4
2025-08-19,05:59:25,22.2,56.4
2025-08-19,05:59:55,22.2,56.5
2025-08-19,06:00:25,22.2,56.4
2025-08-19,06:00:55,22.2,56.4
2025-08-19,06:01:25,22.2,56.4
2025-08-19,06:01:55,22.2,56.3
2025-08-19,06:02:25,22.2,56.3
2025-08-19,06:02:55,22.2,56.4
2025-08-19,06:03:25,22.2,56.4
2025-08-19,06:03:55,22.2,56.5
2025-08-19,06:04:27,22.2,56.2
2025-08-19,06:04:55,22.3,56.2
2025-08-19,06:05:25,22.2,56.3
2025-08-19,06:05:55,22.2,56.3
2025-08-19,06:06:25,22.1,56.4
2025-08-19,06:06:55,22.1,56.4
2025-08-19,06:07:25,22.2,56.5
2025-08-19,06:07:55,22.2,56.4
2025-08-19,06:08:25,22.2,56.4
2025-08-19,06:08:55,22.2,56.3
2025-08-19,06:09:25,22.3,56.2
2025-08-19,06:09:55,22.3,56.1
2025-08-19,06:10:25,22.3,56.0
2025-08-19,06:10:55,22.3,55.9
2025-08-19,06:11:25,22.4,55.9
2025-08-19,06:11:55,22.4,55.9
2025-08-19,06:12:25,22.4,55.8
2025-08-19,06:12:55,22.4,55.7
2025-08-19,06:13:25,22.5,55.6
2025-08-19,06:13:55,22.5,55.5
2025-08-19,06:14:25,22.5,55.4
2025-08-19,06:14:55,22.6,55.3
2025-08-19,06:15:25,22.6,55.2
2025-08-19,06:15:55,22.7,55.1
2025-08-19,06:16:25,22.7,55.1
2025-08-19,06:16:55,22.6,55.2
2025-08-19,06:17:25,22.6,55.3
2025-08-19,06:17:55,22.5,55.5
2025-08-19,06:18:25,22.5,55.7
2025-08-19,06:18:55,22.4,55.8
2025-08-19,06:19:25,22.4,55.8
2025-08-19,06:19:55,22.4,55.9
2025-08-19,06:20:25,22.4,55.9
2025-08-19,06:20:55,22.3,56.0
2025-08-19,06:21:25,22.3,56.0
2025-08-19,06:21:55,22.3,56.1
2025-08-19,06:22:25,22.3,56.1
2025-08-19,06:22:55,22.3,56.1
2025-08-19,06:23:25,22.3,56.1
2025-08-19,06:23:55,22.3,56.2
2025-08-19,06:24:25,22.3,56.1
2025-08-19,06:24:55,22.3,56.1
2025-08-19,06:25:25,22.3,56.1
2025-08-19,06:25:55,22.3,56.1
2025-08-19,06:26:25,22.3,56.1
2025-08-19,06:26:55,22.3,56.1
2025-08-19,06:27:25,22.2,56.2
2025-08-19,06:27:55,22.2,56.3
2025-08-19,06:28:27,22.2,56.4
2025-08-19,06:28:55,22.2,56.4
2025-08-19,06:29:25,22.2,56.5
2025-08-19,06:29:55,22.1,56.5
2025-08-19,06:30:27,22.1,56.7
2025-08-19,06:30:55,22.1,56.6
2025-08-19,06:31:25,22.0,56.7
2025-08-19,06:31:55,22.1,56.7
2025-08-19,06:32:25,22.1,56.6
2025-08-19,06:32:55,22.2,56.5
2025-08-19,06:33:25,22.2,56.5
2025-08-19,06:33:55,22.2,56.4
2025-08-19,06:34:25,22.2,56.3
2025-08-19,06:34:55,22.2,56.3
2025-08-19,06:35:25,22.2,56.3
2025-08-19,06:35:55,22.3,56.2
2025-08-19,06:36:25,22.3,56.2
2025-08-19,06:36:55,22.2,56.3
2025-08-19,06:37:25,22.2,56.4
2025-08-19,06:37:55,22.2,56.4
2025-08-19,06:38:25,22.2,56.5
2025-08-19,06:38:55,22.2,56.5
2025-08-19,06:39:25,22.1,56.5
2025-08-19,06:39:55,22.1,56.6
2025-08-19,06:40:25,22.1,56.6
2025-08-19,06:40:55,22.1,56.7
2025-08-19,06:41:25,22.1,56.6
2025-08-19,06:41:55,22.1,56.6
2025-08-19,06:42:25,22.2,56.5
2025-08-19,06:42:55,22.2,56.5
2025-08-19,06:43:25,22.2,56.5
2025-08-19,06:43:55,22.1,56.5
2025-08-19,06:44:25,22.2,56.5
2025-08-19,06:44:55,22.2,56.5
2025-08-19,06:45:25,22.2,56.5
2025-08-19,06:45:55,22.2,56.4
2025-08-19,06:46:25,22.2,56.5
2025-08-19,06:46:55,22.2,56.5
2025-08-19,06:47:25,22.2,56.4
2025-08-19,06:47:55,22.2,56.4
2025-08-19,06:48:25,22.2,56.4
2025-08-19,06:48:55,22.2,56.4
2025-08-19,06:49:25,22.2,56.4
2025-08-19,06:49:55,22.2,56.4
2025-08-19,06:50:25,22.2,56.3
2025-08-19,06:50:55,22.2,56.3
2025-08-19,06:51:25,22.2,56.3
2025-08-19,06:51:55,22.2,56.4
2025-08-19,06:52:25,22.2,56.4
2025-08-19,06:52:55,22.2,56.4
2025-08-19,06:53:25,22.2,56.4
2025-08-19,06:53:55,22.2,56.4
2025-08-19,06:54:25,22.2,56.3
2025-08-19,06:54:55,22.2,56.3
2025-08-19,06:55:25,22.2,56.3
2025-08-19,06:55:55,22.2,56.4
2025-08-19,06:56:25,22.2,56.4
2025-08-19,06:56:55,22.2,56.4
2025-08-19,06:57:25,22.2,56.4
2025-08-19,06:57:55,22.2,56.3
2025-08-19,06:58:25,22.2,56.3
2025-08-19,06:58:55,22.3,56.2
2025-08-19,06:59:25,22.2,56.2
2025-08-19,06:59:55,22.2,56.3
2025-08-19,07:00:25,22.2,56.3
2025-08-19,07:00:55,22.2,56.3
2025-08-19,07:01:25,22.2,56.3
2025-08-19,07:01:55,22.1,56.4
2025-08-19,07:02:25,22.1,56.6
2025-08-19,07:02:55,22.1,56.6
2025-08-19,07:03:25,22.1,56.6
2025-08-19,07:03:55,22.1,56.6
2025-08-19,07:04:25,22.1,56.6
2025-08-19,07:04:55,22.1,56.7
2025-08-19,07:05:25,22.1,56.6
2025-08-19,07:05:55,22.1,56.6
2025-08-19,07:06:25,22.1,56.7
2025-08-19,07:06:55,22.1,56.7
2025-08-19,07:07:25,22.1,56.6
2025-08-19,07:07:55,22.1,56.6
2025-08-19,07:08:25,22.2,56.5
2025-08-19,07:08:55,22.2,56.4
2025-08-19,07:09:25,22.2,56.4
2025-08-19,07:09:55,22.2,56.4
2025-08-19,07:10:25,22.2,56.3
2025-08-19,07:10:55,22.2,56.3
2025-08-19,07:11:25,22.2,56.3
2025-08-19,07:11:55,22.2,56.3
2025-08-19,07:12:25,22.2,56.3
2025-08-19,07:12:55,22.2,56.3
2025-08-19,07:13:25,22.3,56.3
2025-08-19,07:13:55,22.2,56.2
2025-08-19,07:14:25,22.2,56.3
2025-08-19,07:14:55,22.2,56.4
2025-08-19,07:15:25,22.1,56.4
2025-08-19,07:15:55,22.2,56.4
2025-08-19,07:16:25,22.2,56.4
2025-08-19,07:16:55,22.2,56.3
2025-08-19,07:17:25,22.2,56.3
2025-08-19,07:17:55,22.2,56.3
2025-08-19,07:18:25,22.2,56.3
2025-08-19,07:18:55,22.2,56.2
2025-08-19,07:19:25,22.2,56.2
2025-08-19,07:19:55,22.2,56.3
2025-08-19,07:20:25,22.2,56.3
2025-08-19,07:20:55,22.2,56.4
2025-08-19,07:21:25,22.2,56.4
2025-08-19,07:21:57,22.2,56.2
2025-08-19,07:22:25,22.3,56.2
2025-08-19,07:22:55,22.2,56.2
2025-08-19,07:23:25,22.2,56.3
2025-08-19,07:23:55,22.2,56.3
2025-08-19,07:24:25,22.3,56.2
2025-08-19,07:24:55,22.3,56.2
2025-08-19,07:25:25,22.3,56.1
2025-08-19,07:25:55,22.3,56.2
2025-08-19,07:26:25,22.3,56.1
2025-08-19,07:26:55,22.2,56.2
2025-08-19,07:27:25,22.2,56.2
2025-08-19,07:27:55,22.2,56.2
2025-08-19,07:28:25,22.2,56.2
2025-08-19,07:28:55,22.2,56.2
2025-08-19,07:29:25,22.2,56.4
2025-08-19,07:29:55,22.1,56.4
2025-08-19,07:30:25,22.1,56.5
2025-08-19,07:30:55,22.1,56.6
2025-08-19,07:31:25,22.1,56.5
2025-08-19,07:31:55,22.1,56.5
2025-08-19,07:32:25,22.1,56.5
2025-08-19,07:32:55,22.1,56.4
2025-08-19,07:33:25,22.2,56.4
2025-08-19,07:33:55,22.2,56.4
2025-08-19,07:34:25,22.2,56.4
2025-08-19,07:34:55,22.2,56.4
2025-08-19,07:35:25,22.2,56.3
2025-08-19,07:35:55,22.2,56.3
2025-08-19,07:36:25,22.2,56.3
2025-08-19,07:36:55,22.2,56.3
2025-08-19,07:37:25,22.2,56.3
2025-08-19,07:37:55,22.2,56.3
2025-08-19,07:38:25,22.2,56.3
2025-08-19,07:38:55,22.2,56.3
2025-08-19,07:39:25,22.2,56.3
2025-08-19,07:39:55,22.2,56.3
2025-08-19,07:40:25,22.2,56.3
2025-08-19,07:40:55,22.1,56.4
2025-08-19,07:41:25,22.1,56.5
2025-08-19,07:41:55,22.1,56.5
2025-08-19,07:42:25,22.1,56.5
2025-08-19,07:42:55,22.1,56.6
2025-08-19,07:43:25,22.1,56.7
2025-08-19,07:43:55,22.1,56.7
2025-08-19,07:44:25,22.1,56.6
2025-08-19,07:44:55,22.1,56.5
2025-08-19,07:45:25,22.2,56.5
2025-08-19,07:45:55,22.2,56.4
2025-08-19,07:46:25,22.2,56.5
2025-08-19,07:46:55,22.2,56.5
2025-08-19,07:47:25,22.1,56.4
2025-08-19,07:47:55,22.2,56.4
2025-08-19,07:48:25,22.2,56.4
2025-08-19,07:48:55,22.2,56.4
2025-08-19,07:49:25,22.2,56.4
2025-08-19,07:49:55,22.1,56.5
2025-08-19,07:50:25,22.1,56.6
2025-08-19,07:50:55,22.0,56.8
2025-08-19,07:51:25,22.0,56.9
2025-08-19,07:51:55,22.0,56.9
2025-08-19,07:52:25,22.0,56.9
2025-08-19,07:52:55,22.0,56.8
2025-08-19,07:53:25,22.0,56.9
2025-08-19,07:53:55,22.0,57.0
2025-08-19,07:54:25,21.9,57.1
2025-08-19,07:54:55,21.9,57.1
2025-08-19,07:55:27,22.0,57.0
2025-08-19,07:55:55,22.0,56.9
2025-08-19,07:56:25,22.1,56.8
2025-08-19,07:56:55,22.1,56.7
2025-08-19,07:57:25,22.1,56.7
2025-08-19,07:57:55,22.0,56.8
2025-08-19,07:58:25,22.0,56.9
2025-08-19,07:58:55,22.0,56.8
2025-08-19,07:59:25,22.0,56.8
2025-08-19,07:59:55,22.0,56.8
2025-08-19,08:00:25,22.1,56.8
2025-08-19,08:00:55,22.1,56.7
2025-08-19,08:01:25,22.1,56.7
2025-08-19,08:01:55,22.1,56.8
2025-08-19,08:02:25,22.1,56.6
2025-08-19,08:02:55,22.2,56.5
2025-08-19,08:03:27,22.3,56.2
2025-08-19,08:03:55,22.3,56.2
2025-08-19,08:04:25,22.3,56.3
2025-08-19,08:04:55,22.2,56.3
2025-08-19,08:05:25,22.2,56.3
2025-08-19,08:05:55,22.3,56.2
2025-08-19,08:06:27,22.2,56.3
2025-08-19,08:06:55,22.2,56.3
2025-08-19,08:07:25,22.2,56.3
2025-08-19,08:07:55,22.2,56.3
2025-08-19,08:08:25,22.2,56.4
2025-08-19,08:08:55,22.2,56.4
2025-08-19,08:09:25,22.2,56.4
2025-08-19,08:09:55,22.2,56.4
2025-08-19,08:10:25,22.2,56.4
2025-08-19,08:10:55,22.2,56.3
2025-08-19,08:11:25,22.3,56.2
2025-08-19,08:11:55,22.3,56.1
2025-08-19,08:12:25,22.3,56.1
2025-08-19,08:12:55,22.3,56.0
2025-08-19,08:13:25,22.4,56.0
2025-08-19,08:13:55,22.4,55.9
2025-08-19,08:14:25,22.4,55.8
2025-08-19,08:14:55,22.4,55.8
2025-08-19,08:15:25,22.5,55.7
2025-08-19,08:15:55,22.5,55.6
2025-08-19,08:16:25,22.5,55.6
2025-08-19,08:16:55,22.5,55.6
2025-08-19,08:17:25,22.5,55.6
2025-08-19,08:17:55,22.5,55.6
2025-08-19,08:18:25,22.5,55.6
2025-08-19,08:18:55,22.5,55.6
2025-08-19,08:19:25,22.5,55.7
2025-08-19,08:19:55,22.5,55.6
2025-08-19,08:20:25,22.5,55.6
2025-08-19,08:20:55,22.5,55.5
2025-08-19,08:21:25,22.5,55.5
2025-08-19,08:21:55,22.5,55.5
2025-08-19,08:22:25,22.6,55.5
2025-08-19,08:22:55,22.5,55.6
2025-08-19,08:23:25,22.4,55.7
2025-08-19,08:23:55,22.3,56.0
2025-08-19,08:24:25,22.2,56.3
2025-08-19,08:24:55,22.2,56.4
2025-08-19,08:25:25,22.1,56.5
2025-08-19,08:25:55,22.2,56.5
2025-08-19,08:26:25,22.1,56.5
2025-08-19,08:26:55,22.1,56.5
2025-08-19,08:27:25,22.2,56.5
2025-08-19,08:27:55,22.2,56.5
2025-08-19,08:28:25,22.2,56.5
2025-08-19,08:28:55,22.2,56.5
2025-08-19,08:29:25,22.2,56.4
2025-08-19,08:29:55,22.2,56.5
2025-08-19,08:30:25,22.2,56.4
2025-08-19,08:30:55,22.2,56.4
2025-08-19,08:31:25,22.1,56.4
2025-08-19,08:31:55,22.1,56.5
2025-08-19,08:32:25,22.1,56.6
2025-08-19,08:32:55,22.1,56.6
2025-08-19,08:33:25,22.1,56.6
2025-08-19,08:33:55,22.1,56.6
2025-08-19,08:34:25,22.1,56.5
2025-08-19,08:34:55,22.1,56.5
2025-08-19,08:35:25,22.1,56.6
2025-08-19,08:35:55,22.1,56.6
2025-08-19,08:36:25,22.1,56.7
2025-08-19,08:36:55,22.0,56.7
2025-08-19,08:37:25,22.1,56.7
2025-08-19,08:37:55,22.1,56.7
2025-08-19,08:38:25,22.1,56.7
2025-08-19,08:38:55,22.1,56.8
2025-08-19,08:39:25,22.1,56.7
2025-08-19,08:39:55,22.1,56.8
2025-08-19,08:40:25,22.0,56.8
2025-08-19,08:40:55,22.0,56.8
2025-08-19,08:41:25,22.1,56.8
2025-08-19,08:41:55,22.1,56.7
2025-08-19,08:42:25,22.1,56.8
2025-08-19,08:42:55,22.0,56.8
2025-08-19,08:43:25,22.0,56.9
2025-08-19,08:43:55,22.0,56.9
2025-08-19,08:44:25,22.1,56.8
2025-08-19,08:44:55,22.2,56.6
2025-08-19,08:45:25,22.2,56.4
2025-08-19,08:45:55,22.2,56.4
2025-08-19,08:46:25,22.1,56.5
2025-08-19,08:46:55,22.1,56.6
2025-08-19,08:47:25,22.2,56.5
2025-08-19,08:47:55,22.1,56.5
2025-08-19,08:48:25,22.2,56.4
2025-08-19,08:48:55,22.2,56.4
2025-08-19,08:49:25,22.2,56.4
2025-08-19,08:49:55,22.2,56.5
2025-08-19,08:50:25,22.2,56.5
2025-08-19,08:50:55,22.2,56.5
2025-08-19,08:51:25,22.1,56.5
2025-08-19,08:51:55,22.1,56.6
2025-08-19,08:52:25,22.1,56.7
2025-08-19,08:52:55,22.0,56.8
2025-08-19,08:53:25,22.0,56.9
2025-08-19,08:53:55,22.0,56.9
2025-08-19,08:54:25,22.1,56.8
2025-08-19,08:54:55,22.1,56.8
2025-08-19,08:55:25,22.1,56.7
2025-08-19,08:55:55,22.0,56.8
2025-08-19,08:56:25,22.1,56.7
2025-08-19,08:56:55,22.1,56.7
2025-08-19,08:57:25,22.1,56.6
2025-08-19,08:57:55,22.2,56.5
2025-08-19,08:58:25,22.2,56.4
2025-08-19,08:58:55,22.2,56.4
2025-08-19,08:59:25,22.2,56.4
2025-08-19,08:59:55,22.2,56.4
2025-08-19,09:00:25,22.2,56.4
2025-08-19,09:00:55,22.2,56.4
2025-08-19,09:01:25,22.2,56.5
2025-08-19,09:01:55,22.2,56.4
2025-08-19,09:02:25,22.2,56.3
2025-08-19,09:02:55,22.2,56.3
2025-08-19,09:03:25,22.2,56.3
2025-08-19,09:03:55,22.2,56.4
2025-08-19,09:04:25,22.2,56.4
2025-08-19,09:04:55,22.2,56.5
2025-08-19,09:05:25,22.1,56.5
2025-08-19,09:05:55,22.1,56.6
2025-08-19,09:06:25,22.1,56.5
2025-08-19,09:06:55,22.2,56.5
2025-08-19,09:07:25,22.2,56.4
2025-08-19,09:07:55,22.2,56.4
2025-08-19,09:08:25,22.2,56.4
2025-08-19,09:08:55,22.2,56.5
2025-08-19,09:09:25,22.2,56.4
2025-08-19,09:09:55,22.2,56.4
2025-08-19,09:10:25,22.2,56.4
2025-08-19,09:10:55,22.2,56.4
2025-08-19,09:11:25,22.2,56.4
2025-08-19,09:11:55,22.2,56.4
2025-08-19,09:12:25,22.2,56.4
2025-08-19,09:12:55,22.2,56.3
2025-08-19,09:13:25,22.2,56.3
2025-08-19,09:13:55,22.2,56.3
2025-08-19,09:14:25,22.2,56.4
2025-08-19,09:14:55,22.2,56.3
2025-08-19,09:15:25,22.3,56.2
2025-08-19,09:15:55,22.3,56.2
2025-08-19,09:16:25,22.2,56.3
2025-08-19,09:16:55,22.2,56.2
2025-08-19,09:17:25,22.2,56.3
2025-08-19,09:17:55,22.2,56.3
2025-08-19,09:18:25,22.2,56.4
2025-08-19,09:18:55,22.2,56.4
2025-08-19,09:19:25,22.2,56.4
2025-08-19,09:19:55,22.1,56.4
2025-08-19,09:20:25,22.1,56.5
2025-08-19,09:20:55,22.2,56.4
2025-08-19,09:21:25,22.2,56.4
2025-08-19,09:21:55,22.2,56.4
2025-08-19,09:22:25,22.2,56.3
2025-08-19,09:22:55,22.2,56.3
2025-08-19,09:23:25,22.3,56.2
2025-08-19,09:23:55,22.3,56.0
2025-08-19,09:24:25,22.4,56.0
2025-08-19,09:24:55,22.4,55.9
2025-08-19,09:25:25,22.4,55.9
2025-08-19,09:25:55,22.4,55.8
2025-08-19,09:26:25,22.4,55.8
2025-08-19,09:26:55,22.4,55.8
2025-08-19,09:27:25,22.4,55.8
2025-08-19,09:27:55,22.4,55.8
2025-08-19,09:28:25,22.4,55.8
2025-08-19,09:28:55,22.4,55.8
2025-08-19,09:29:25,22.4,55.8
2025-08-19,09:29:55,22.4,55.8
2025-08-19,09:30:25,22.4,55.7
2025-08-19,09:30:55,22.4,55.8
2025-08-19,09:31:25,22.4,55.8
2025-08-19,09:31:55,22.4,55.9
2025-08-19,09:32:25,22.4,56.0
2025-08-19,09:32:55,22.4,56.0
2025-08-19,09:33:25,22.4,55.9
2025-08-19,09:33:55,22.4,55.8
2025-08-19,09:34:27,22.3,56.0
2025-08-19,09:34:55,22.3,56.0
2025-08-19,09:35:25,22.3,56.0
2025-08-19,09:35:55,22.3,56.1
2025-08-19,09:36:25,22.3,56.0
2025-08-19,09:36:55,22.3,56.1
2025-08-19,09:37:25,22.3,56.1
2025-08-19,09:37:55,22.3,56.1
2025-08-19,09:38:25,22.2,56.2
2025-08-19,09:38:55,22.2,56.2
2025-08-19,09:39:25,22.2,56.3
2025-08-19,09:39:55,22.2,56.3
2025-08-19,09:40:25,22.2,56.3
2025-08-19,09:40:55,22.2,56.3
2025-08-19,09:41:25,22.3,56.2
2025-08-19,09:41:55,22.2,56.2
2025-08-19,09:42:25,22.2,56.3
2025-08-19,09:42:55,22.2,56.4
2025-08-19,09:43:25,22.2,56.4
2025-08-19,09:43:55,22.1,56.5
2025-08-19,09:44:25,22.1,56.6
2025-08-19,09:44:55,22.1,56.7
2025-08-19,09:45:25,22.1,56.7
2025-08-19,09:45:55,22.1,56.6
2025-08-19,09:46:25,22.1,56.6
2025-08-19,09:46:55,22.2,56.5
2025-08-19,09:47:25,22.2,56.5
2025-08-19,09:47:55,22.2,56.4
2025-08-19,09:48:25,22.2,56.4
2025-08-19,09:48:55,22.2,56.3
2025-08-19,09:49:25,22.2,56.3
2025-08-19,09:49:55,22.2,56.4
2025-08-19,09:50:25,22.2,56.4
2025-08-19,09:50:57,22.2,56.3
2025-08-19,09:51:25,22.2,56.3
2025-08-19,09:51:55,22.2,56.3
2025-08-19,09:52:25,22.2,56.3
2025-08-19,09:52:55,22.2,56.4
2025-08-19,09:53:25,22.2,56.5
2025-08-19,09:53:55,22.1,56.5
2025-08-19,09:54:25,22.1,56.7
2025-08-19,09:54:55,22.1,56.7
2025-08-19,09:55:25,22.1,56.7
2025-08-19,09:55:55,22.1,56.6
2025-08-19,09:56:25,22.1,56.5
2025-08-19,09:56:55,22.2,56.5
2025-08-19,09:57:25,22.1,56.5
2025-08-19,09:57:55,22.1,56.6
2025-08-19,09:58:25,22.1,56.6
2025-08-19,09:58:55,22.1,56.7
2025-08-19,09:59:25,22.1,56.6
2025-08-19,09:59:55,22.1,56.6
2025-08-19,10:00:25,22.1,56.6
2025-08-19,10:00:55,22.1,56.6
2025-08-19,10:01:25,22.1,56.7
2025-08-19,10:01:55,22.1,56.7
2025-08-19,10:02:25,22.1,56.7
2025-08-19,10:02:55,22.1,56.7
2025-08-19,10:03:25,22.1,56.6
2025-08-19,10:03:55,22.1,56.6
2025-08-19,10:04:25,22.1,56.7
2025-08-19,10:04:55,22.1,56.6
2025-08-19,10:05:25,22.2,56.5
2025-08-19,10:05:55,22.2,56.5
2025-08-19,10:06:25,22.2,56.4
2025-08-19,10:06:55,22.2,56.4
2025-08-19,10:07:25,22.2,56.4
2025-08-19,10:07:55,22.2,56.4
2025-08-19,10:08:25,22.2,56.4
2025-08-19,10:08:55,22.2,56.4
2025-08-19,10:09:25,22.1,56.5
2025-08-19,10:09:55,22.1,56.6
2025-08-19,10:10:25,22.1,56.6
2025-08-19,10:10:55,22.1,56.6
2025-08-19,10:11:25,22.1,56.6
2025-08-19,10:11:55,22.1,56.6
2025-08-19,10:12:25,22.1,56.5
2025-08-19,10:12:55,22.2,56.5
2025-08-19,10:13:25,22.1,56.6
2025-08-19,10:13:55,22.2,56.5
2025-08-19,10:14:25,22.2,56.4
2025-08-19,10:14:55,22.2,56.4
2025-08-19,10:15:25,22.2,56.4
2025-08-19,10:15:55,22.1,56.4
2025-08-19,10:16:25,22.1,56.5
2025-08-19,10:16:55,22.1,56.5
2025-08-19,10:17:25,22.2,56.5
2025-08-19,10:17:55,22.1,56.4
2025-08-19,10:18:25,22.1,56.5
2025-08-19,10:18:55,22.1,56.5
2025-08-19,10:19:25,22.1,56.5
2025-08-19,10:19:55,22.1,56.6
2025-08-19,10:20:25,22.1,56.6
2025-08-19,10:20:55,22.1,56.7
2025-08-19,10:21:25,22.1,56.7
2025-08-19,10:21:55,22.1,56.8
2025-08-19,10:22:25,22.1,56.7
2025-08-19,10:22:55,22.0,56.7
2025-08-19,10:23:25,22.1,56.7
2025-08-19,10:23:55,22.1,56.7
2025-08-19,10:24:25,22.1,56.6
2025-08-19,10:24:55,22.1,56.6
2025-08-19,10:25:25,22.1,56.5
2025-08-19,10:25:55,22.1,56.5
2025-08-19,10:26:25,22.1,56.5
2025-08-19,10:26:55,22.2,56.5
2025-08-19,10:27:25,22.2,56.4
2025-08-19,10:27:55,22.2,56.3
2025-08-19,10:28:25,22.2,56.3
2025-08-19,10:28:55,22.2,56.3
2025-08-19,10:29:25,22.2,56.3
2025-08-19,10:29:55,22.1,56.5
2025-08-19,10:30:25,22.1,56.5
2025-08-19,10:30:55,22.1,56.5
2025-08-19,10:31:25,22.1,56.5
2025-08-19,10:31:55,22.1,56.5
2025-08-19,10:32:25,22.1,56.5
2025-08-19,10:32:55,22.1,56.5
2025-08-19,10:33:25,22.1,56.7
2025-08-19,10:33:55,22.1,56.7
2025-08-19,10:34:25,22.1,56.6
2025-08-19,10:34:55,22.1,56.7
2025-08-19,10:35:25,22.1,56.6
2025-08-19,10:35:55,22.1,56.6
2025-08-19,10:36:25,22.2,56.5
2025-08-19,10:36:55,22.2,56.5
2025-08-19,10:37:25,22.1,56.5
2025-08-19,10:37:55,22.1,56.5
2025-08-19,10:38:25,22.1,56.5
2025-08-19,10:38:55,22.2,56.4
2025-08-19,10:39:25,22.2,56.4
2025-08-19,10:39:55,22.2,56.5
2025-08-19,10:40:25,22.2,56.5
2025-08-19,10:40:55,22.1,56.5
2025-08-19,10:41:25,22.1,56.6
2025-08-19,10:41:55,22.1,56.7
2025-08-19,10:42:25,22.1,56.7
2025-08-19,10:42:55,22.1,56.6
2025-08-19,10:43:25,22.1,56.7
2025-08-19,10:43:55,22.1,56.7
2025-08-19,10:44:25,22.0,56.7
2025-08-19,10:44:55,22.1,56.7
2025-08-19,10:45:25,22.1,56.6
2025-08-19,10:45:55,22.1,56.6
2025-08-19,10:46:25,22.1,56.5
2025-08-19,10:46:55,22.1,56.5
2025-08-19,10:47:25,22.1,56.5
2025-08-19,10:47:55,22.1,56.4
2025-08-19,10:48:25,22.2,56.4
2025-08-19,10:48:55,22.2,56.4
2025-08-19,10:49:25,22.2,56.3
2025-08-19,10:49:55,22.2,56.2
2025-08-19,10:50:25,22.3,56.1
2025-08-19,10:50:55,22.3,56.0
2025-08-19,10:51:25,22.3,56.0
2025-08-19,10:51:55,22.3,55.9
2025-08-19,10:52:25,22.4,55.9
2025-08-19,10:52:55,22.4,55.8
2025-08-19,10:53:25,22.5,55.6
2025-08-19,10:53:55,22.5,55.6
2025-08-19,10:54:25,22.5,55.5
2025-08-19,10:54:55,22.5,55.4
2025-08-19,10:55:25,22.6,55.4
2025-08-19,10:55:55,22.6,55.3
2025-08-19,10:56:25,22.6,55.2
2025-08-19,10:56:55,22.7,55.1
2025-08-19,10:57:25,22.7,55.1
2025-08-19,10:57:57,22.6,55.1
2025-08-19,10:58:25,22.6,55.1
2025-08-19,10:58:55,22.6,55.3
2025-08-19,10:59:25,22.5,55.4
2025-08-19,10:59:55,22.5,55.5
2025-08-19,11:00:25,22.5,55.5
2025-08-19,11:00:55,22.4,55.7
2025-08-19,11:01:25,22.3,55.9
2025-08-19,11:01:55,22.3,56.0
2025-08-19,11:02:25,22.3,55.9
2025-08-19,11:02:55,22.3,56.0
2025-08-19,11:03:25,22.3,56.1
2025-08-19,11:03:55,22.3,56.1
2025-08-19,11:04:25,22.3,56.0
2025-08-19,11:04:55,22.3,56.0
2025-08-19,11:05:25,22.3,56.0
2025-08-19,11:05:55,22.3,56.0
2025-08-19,11:06:25,22.3,56.0
2025-08-19,11:06:55,22.3,56.1
2025-08-19,11:07:25,22.3,56.1
2025-08-19,11:07:55,22.2,56.1
2025-08-19,11:08:25,22.2,56.2
2025-08-19,11:08:55,22.1,56.4
2025-08-19,11:09:25,22.1,56.6
2025-08-19,11:09:55,22.1,56.5
2025-08-19,11:10:25,22.1,56.5
2025-08-19,11:10:55,22.1,56.5
2025-08-19,11:11:25,22.0,56.7
2025-08-19,11:11:55,22.0,56.8
2025-08-19,11:12:25,22.0,56.7
2025-08-19,11:12:55,22.1,56.6
2025-08-19,11:13:25,22.1,56.6
2025-08-19,11:13:55,22.1,56.5
2025-08-19,11:14:25,22.1,56.4
2025-08-19,11:14:55,22.2,56.4
2025-08-19,11:15:25,22.2,56.4
2025-08-19,11:15:55,22.2,56.3
2025-08-19,11:16:25,22.2,56.3
2025-08-19,11:16:55,22.1,56.3
2025-08-19,11:17:25,22.1,56.4
2025-08-19,11:17:55,22.1,56.4
2025-08-19,11:18:25,22.2,56.4
2025-08-19,11:18:55,22.2,56.3
2025-08-19,11:19:25,22.2,56.3
2025-08-19,11:19:55,22.2,56.4
2025-08-19,11:20:25,22.1,56.5
2025-08-19,11:20:55,22.1,56.5
2025-08-19,11:21:25,22.1,56.4
2025-08-19,11:21:55,22.2,56.3
2025-08-19,11:22:25,22.1,56.4
2025-08-19,11:22:55,22.1,56.4
2025-08-19,11:23:25,22.2,56.4
2025-08-19,11:23:55,22.2,56.3
2025-08-19,11:24:25,22.1,56.4
2025-08-19,11:24:55,22.1,56.4
2025-08-19,11:25:25,22.1,56.4
2025-08-19,11:25:55,22.1,56.6
2025-08-19,11:26:25,22.0,56.6
2025-08-19,11:26:55,22.0,56.6
2025-08-19,11:27:25,22.0,56.7
2025-08-19,11:27:55,22.0,56.8
2025-08-19,11:28:25,21.9,56.9
2025-08-19,11:28:55,21.9,57.0
2025-08-19,11:29:25,21.9,57.1
2025-08-19,11:29:55,21.9,57.0
2025-08-19,11:30:25,22.0,57.0
2025-08-19,11:30:55,22.0,56.7
2025-08-19,11:31:25,22.0,56.7
2025-08-19,11:31:55,22.0,56.7
2025-08-19,11:32:25,22.1,56.6
2025-08-19,11:32:55,22.1,56.6
2025-08-19,11:33:25,22.1,56.5
2025-08-19,11:33:55,22.1,56.5
2025-08-19,11:34:25,22.1,56.5
2025-08-19,11:34:55,22.1,56.5
2025-08-19,11:35:25,22.1,56.4
2025-08-19,11:35:55,22.2,56.3
2025-08-19,11:36:25,22.2,56.2
2025-08-19,11:36:55,22.2,56.2
2025-08-19,11:37:25,22.1,56.3
2025-08-19,11:37:55,22.1,56.4
2025-08-19,11:38:25,22.0,56.6
2025-08-19,11:38:55,22.0,56.7
2025-08-19,11:39:25,22.0,56.7
2025-08-19,11:39:55,22.0,56.7
2025-08-19,11:40:25,22.0,56.7
2025-08-19,11:40:55,22.0,56.8
2025-08-19,11:41:25,21.9,56.9
2025-08-19,11:41:55,21.9,57.0
2025-08-19,11:42:25,22.0,56.9
2025-08-19,11:42:55,22.0,56.8
2025-08-19,11:43:25,22.0,56.7
2025-08-19,11:43:55,22.0,56.6
2025-08-19,11:44:25,22.1,56.6
2025-08-19,11:44:55,22.1,56.5
2025-08-19,11:45:25,22.2,56.4
2025-08-19,11:45:55,22.2,56.3
2025-08-19,11:46:25,22.2,56.3
2025-08-19,11:46:55,22.1,56.3
2025-08-19,11:47:25,22.1,56.4
2025-08-19,11:47:55,22.1,56.4
2025-08-19,11:48:25,22.1,56.5
2025-08-19,11:48:55,22.1,56.6
2025-08-19,11:49:25,22.1,56.5
2025-08-19,11:49:55,22.1,56.4
2025-08-19,11:50:25,22.1,56.5
2025-08-19,11:50:55,22.0,56.6
2025-08-19,11:51:25,22.0,56.6
2025-08-19,11:51:55,22.1,56.6
2025-08-19,11:52:25,22.1,56.5
2025-08-19,11:52:55,22.1,56.4
2025-08-19,11:53:25,22.1,56.4
2025-08-19,11:53:55,22.2,56.4
2025-08-19,11:54:25,22.2,56.3
2025-08-19,11:54:55,22.2,56.3
2025-08-19,11:55:25,22.2,56.3
2025-08-19,11:55:55,22.2,56.3
2025-08-19,11:56:25,22.2,56.3
2025-08-19,11:56:55,22.2,56.3
2025-08-19,11:57:25,22.2,56.2
2025-08-19,11:57:55,22.2,56.2
2025-08-19,11:58:25,22.2,56.2
2025-08-19,11:58:55,22.2,56.3
2025-08-19,11:59:25,22.2,56.3
2025-08-19,11:59:55,22.2,56.3
2025-08-19,12:00:25,22.1,56.3
2025-08-19,12:00:55,22.1,56.4
2025-08-19,12:01:25,22.0,56.6
2025-08-19,12:01:55,22.0,56.7
2025-08-19,12:02:25,22.0,56.7
2025-08-19,12:02:55,22.0,56.6
2025-08-19,12:03:25,22.0,56.6
2025-08-19,12:03:55,22.1,56.5
2025-08-19,12:04:25,22.1,56.5
2025-08-19,12:04:55,22.1,56.4
2025-08-19,12:05:25,22.2,56.3
2025-08-19,12:05:55,22.2,56.2
2025-08-19,12:06:25,22.2,56.2
2025-08-19,12:06:55,22.2,56.1
2025-08-19,12:07:25,22.2,56.2
2025-08-19,12:07:55,22.1,56.2
2025-08-19,12:08:25,22.1,56.4
2025-08-19,12:08:55,22.1,56.5
2025-08-19,12:09:25,22.1,56.5
2025-08-19,12:09:55,22.1,56.5
2025-08-19,12:10:25,22.1,56.5
2025-08-19,12:10:55,22.1,56.3
2025-08-19,12:11:25,22.2,56.3
2025-08-19,12:11:55,22.2,56.2
2025-08-19,12:12:27,22.2,56.1
2025-08-19,12:12:55,22.2,56.1
2025-08-19,12:13:25,22.2,56.1
2025-08-19,12:13:55,22.2,56.2
2025-08-19,12:14:25,22.2,56.2
2025-08-19,12:14:55,22.2,56.2
2025-08-19,12:15:25,22.1,56.2
2025-08-19,12:15:55,22.2,56.2
2025-08-19,12:16:25,22.2,56.2
2025-08-19,12:16:55,22.2,56.2
2025-08-19,12:17:25,22.2,56.2
2025-08-19,12:17:55,22.2,56.2
2025-08-19,12:18:25,22.2,56.2
2025-08-19,12:18:55,22.2,56.2
2025-08-19,12:19:25,22.2,56.3
2025-08-19,12:19:55,22.2,56.2
2025-08-19,12:20:25,22.2,56.2
2025-08-19,12:20:55,22.1,56.2
2025-08-19,12:21:25,22.1,56.3
2025-08-19,12:21:55,22.2,56.3
2025-08-19,12:22:25,22.2,56.2
2025-08-19,12:22:55,22.2,56.2
2025-08-19,12:23:25,22.2,56.2
2025-08-19,12:23:55,22.2,56.2
2025-08-19,12:24:25,22.2,56.1
2025-08-19,12:24:55,22.2,56.0
2025-08-19,12:25:25,22.2,56.0
2025-08-19,12:25:55,22.2,56.0
2025-08-19,12:26:25,22.2,56.0
2025-08-19,12:26:55,22.2,56.0
2025-08-19,12:27:25,22.2,56.1
2025-08-19,12:27:55,22.2,56.1
2025-08-19,12:28:25,22.1,56.2
2025-08-19,12:28:55,22.1,56.3
2025-08-19,12:29:25,22.1,56.2
2025-08-19,12:29:55,22.1,56.2
2025-08-19,12:30:25,22.1,56.3
2025-08-19,12:30:55,22.1,56.3
2025-08-19,12:31:25,22.1,56.3
2025-08-19,12:31:55,22.0,56.5
2025-08-19,12:32:25,21.9,56.7
2025-08-19,12:32:55,21.9,56.8
2025-08-19,12:33:25,22.0,56.6
2025-08-19,12:33:55,22.0,56.5
2025-08-19,12:34:25,22.0,56.6
2025-08-19,12:34:55,22.0,56.6
2025-08-19,12:35:25,22.0,56.6
2025-08-19,12:35:55,22.0,56.5
2025-08-19,12:36:25,22.0,56.5
2025-08-19,12:36:55,22.0,56.5
2025-08-19,12:37:25,22.0,56.6
2025-08-19,12:37:55,22.0,56.5
2025-08-19,12:38:25,22.0,56.5
2025-08-19,12:38:55,22.0,56.5
2025-08-19,12:39:25,22.0,56.6
2025-08-19,12:39:55,22.0,56.7
2025-08-19,12:40:25,22.0,56.7
2025-08-19,12:40:55,22.0,56.6
2025-08-19,12:41:25,22.0,56.5
2025-08-19,12:41:55,22.0,56.6
2025-08-19,12:42:25,22.0,56.6
2025-08-19,12:42:55,22.0,56.5
2025-08-19,12:43:25,22.0,56.5
2025-08-19,12:43:55,22.0,56.4
2025-08-19,12:44:25,22.1,56.4
2025-08-19,12:44:55,22.1,56.4
2025-08-19,12:45:25,22.1,56.4
2025-08-19,12:45:55,22.1,56.4
2025-08-19,12:46:27,22.1,56.4
2025-08-19,12:46:55,22.1,56.3
2025-08-19,12:47:25,22.0,56.5
2025-08-19,12:47:55,22.0,56.6
2025-08-19,12:48:25,22.0,56.6
2025-08-19,12:48:55,22.0,56.6
2025-08-19,12:49:25,22.0,56.5
2025-08-19,12:49:55,22.1,56.5
2025-08-19,12:50:25,22.1,56.4
2025-08-19,12:50:55,22.1,56.4
2025-08-19,12:51:25,22.1,56.3
2025-08-19,12:51:55,22.2,56.3
2025-08-19,12:52:25,22.1,56.2
2025-08-19,12:52:55,22.1,56.2
2025-08-19,12:53:25,22.2,56.2
2025-08-19,12:53:55,22.1,56.2
2025-08-19,12:54:25,22.1,56.3
2025-08-19,12:54:55,22.1,56.3
2025-08-19,12:55:25,22.1,56.4
2025-08-19,12:55:55,22.1,56.4
2025-08-19,12:56:25,22.1,56.4
2025-08-19,12:56:55,22.1,56.4
2025-08-19,12:57:25,22.1,56.4
2025-08-19,12:57:57,22.1,56.4
2025-08-19,12:58:25,22.1,56.3
2025-08-19,12:58:55,22.1,56.3
2025-08-19,12:59:25,22.1,56.3
2025-08-19,12:59:55,22.1,56.4
2025-08-19,13:00:27,22.1,56.3
2025-08-19,13:00:57,22.1,56.3
2025-08-19,13:01:25,22.1,56.3
2025-08-19,13:01:55,22.1,56.3
2025-08-19,13:02:25,22.1,56.2
2025-08-19,13:02:55,22.1,56.2
2025-08-19,13:03:25,22.1,56.2
2025-08-19,13:03:55,22.1,56.2
2025-08-19,13:04:25,22.1,56.2
2025-08-19,13:04:55,22.2,56.2
2025-08-19,13:05:25,22.2,56.1
2025-08-19,13:05:55,22.1,56.2
2025-08-19,13:06:25,22.1,56.2
2025-08-19,13:06:55,22.1,56.3
2025-08-19,13:07:25,22.1,56.3
2025-08-19,13:07:55,22.1,56.4
2025-08-19,13:08:25,22.1,56.4
2025-08-19,13:08:55,22.1,56.3
2025-08-19,13:09:25,22.1,56.4
2025-08-19,13:09:55,22.1,56.3
2025-08-19,13:10:25,22.1,56.4
2025-08-19,13:10:55,22.1,56.3
2025-08-19,13:11:25,22.2,56.2
2025-08-19,13:11:55,22.2,56.2
2025-08-19,13:12:25,22.2,56.1
2025-08-19,13:12:55,22.2,56.1
2025-08-19,13:13:25,22.1,56.2
2025-08-19,13:13:55,22.1,56.3
2025-08-19,13:14:25,22.1,56.3
2025-08-19,13:14:55,22.1,56.3
2025-08-19,13:15:25,22.1,56.3
2025-08-19,13:15:55,22.1,56.3
2025-08-19,13:16:25,22.1,56.2
2025-08-19,13:16:55,22.1,56.3
2025-08-19,13:17:25,22.1,56.3
2025-08-19,13:17:55,22.0,56.4
2025-08-19,13:18:25,22.0,56.5
2025-08-19,13:18:55,22.0,56.5
2025-08-19,13:19:25,22.1,56.4
2025-08-19,13:19:55,22.1,56.3
2025-08-19,13:20:25,22.1,56.2
2025-08-19,13:20:55,22.2,56.2
2025-08-19,13:21:25,22.1,56.2
2025-08-19,13:21:55,22.2,56.1
2025-08-19,13:22:25,22.2,56.1
2025-08-19,13:22:55,22.2,56.1
2025-08-19,13:23:25,22.2,56.1
2025-08-19,13:23:55,22.1,56.2
2025-08-19,13:24:25,22.1,56.2
2025-08-19,13:24:55,22.1,56.3
2025-08-19,13:25:25,22.1,56.3
2025-08-19,13:25:55,22.1,56.2
2025-08-19,13:26:25,22.1,56.2
2025-08-19,13:26:55,22.2,56.1
2025-08-19,13:27:25,22.2,56.1
2025-08-19,13:27:55,22.2,56.0
2025-08-19,13:28:25,22.3,55.9
2025-08-19,13:28:55,22.3,55.8
2025-08-19,13:29:25,22.3,55.7
2025-08-19,13:29:55,22.4,55.7
2025-08-19,13:30:25,22.4,55.5
2025-08-19,13:30:55,22.4,55.5
2025-08-19,13:31:25,22.4,55.5
2025-08-19,13:31:55,22.4,55.5
2025-08-19,13:32:25,22.4,55.5
2025-08-19,13:32:55,22.4,55.4
2025-08-19,13:33:25,22.5,55.3
2025-08-19,13:33:55,22.5,55.2
2025-08-19,13:34:25,22.6,55.1
2025-08-19,13:34:55,22.6,55.0
2025-08-19,13:35:25,22.6,55.1
2025-08-19,13:35:55,22.5,55.1
2025-08-19,13:36:25,22.5,55.3
2025-08-19,13:36:55,22.5,55.3
2025-08-19,13:37:25,22.5,55.4
2025-08-19,13:37:55,22.4,55.4
2025-08-19,13:38:27,22.4,55.6
2025-08-19,13:38:55,22.4,55.6
2025-08-19,13:39:25,22.3,55.7
2025-08-19,13:39:55,22.2,55.9
2025-08-19,13:40:25,22.2,56.0
2025-08-19,13:40:55,22.1,56.1
2025-08-19,13:41:25,22.1,56.2
2025-08-19,13:41:55,22.1,56.2
2025-08-19,13:42:25,22.1,56.2
2025-08-19,13:42:55,22.2,56.1
2025-08-19,13:43:25,22.2,56.0
2025-08-19,13:43:55,22.2,56.0
2025-08-19,13:44:25,22.2,56.0
2025-08-19,13:44:55,22.2,56.0
2025-08-19,13:45:25,22.2,56.0
2025-08-19,13:45:55,22.2,56.0
2025-08-19,13:46:25,22.2,56.0
2025-08-19,13:46:55,22.2,56.0
2025-08-19,13:47:25,22.3,55.9
2025-08-19,13:47:55,22.3,55.9
2025-08-19,13:48:25,22.3,55.9
2025-08-19,13:48:55,22.2,56.0
2025-08-19,13:49:25,22.2,56.0
2025-08-19,13:49:55,22.2,56.0
2025-08-19,13:50:25,22.2,56.1
2025-08-19,13:50:55,22.2,56.1
2025-08-19,13:51:25,22.2,56.0
2025-08-19,13:51:55,22.2,56.0
2025-08-19,13:52:25,22.3,55.9
2025-08-19,13:52:55,22.2,55.9
2025-08-19,13:53:25,22.3,56.0
2025-08-19,13:53:55,22.2,56.0
2025-08-19,13:54:25,22.2,56.1
2025-08-19,13:54:55,22.1,56.2
2025-08-19,13:55:25,22.1,56.2
2025-08-19,13:55:55,22.1,56.2
2025-08-19,13:56:25,22.1,56.2
2025-08-19,13:56:55,22.1,56.1
2025-08-19,13:57:25,22.2,56.1
2025-08-19,13:57:55,22.2,56.1
2025-08-19,13:58:25,22.2,56.1
2025-08-19,13:58:55,22.2,56.2
2025-08-19,13:59:25,22.2,56.1
2025-08-19,13:59:55,22.1,56.2
2025-08-19,14:00:25,22.1,56.2
2025-08-19,14:00:55,22.2,56.1
2025-08-19,14:01:25,22.2,56.1
2025-08-19,14:01:55,22.2,56.1
2025-08-19,14:02:25,22.2,56.1
2025-08-19,14:02:55,22.2,56.1
2025-08-19,14:03:25,22.2,56.1
2025-08-19,14:03:55,22.2,56.1
2025-08-19,14:04:25,22.2,56.1
2025-08-19,14:04:55,22.2,56.0
2025-08-19,14:05:25,22.2,56.0
2025-08-19,14:05:55,22.2,56.0
2025-08-19,14:06:25,22.2,55.9
2025-08-19,14:06:55,22.3,55.9
2025-08-19,14:07:25,22.3,55.8
2025-08-19,14:07:55,22.3,55.7
2025-08-19,14:08:25,22.3,55.7
2025-08-19,14:08:55,22.3,55.7
2025-08-19,14:09:25,22.4,55.6
2025-08-19,14:09:55,22.4,55.6
2025-08-19,14:10:25,22.4,55.6
2025-08-19,14:10:55,22.4,55.6
2025-08-19,14:11:25,22.4,55.5
2025-08-19,14:11:55,22.4,55.4
2025-08-19,14:12:25,22.5,55.3
2025-08-19,14:12:55,22.5,55.2
2025-08-19,14:13:25,22.5,55.1
2025-08-19,14:13:55,22.5,55.2
2025-08-19,14:14:25,22.5,55.3
2025-08-19,14:14:55,22.4,55.4
2025-08-19,14:15:25,22.4,55.5
2025-08-19,14:15:55,22.4,55.6
2025-08-19,14:16:25,22.4,55.6
2025-08-19,14:16:55,22.3,55.8
2025-08-19,14:17:25,22.2,56.0
2025-08-19,14:17:55,22.2,56.0
2025-08-19,14:18:25,22.2,55.9
2025-08-19,14:18:55,22.2,55.9
2025-08-19,14:19:25,22.3,55.9
2025-08-19,14:19:55,22.3,55.9
2025-08-19,14:20:25,22.3,55.9
2025-08-19,14:20:55,22.3,55.9
2025-08-19,14:21:25,22.3,55.9
2025-08-19,14:21:55,22.3,55.8
2025-08-19,14:22:25,22.3,55.8
2025-08-19,14:22:55,22.3,55.8
2025-08-19,14:23:25,22.3,55.8
2025-08-19,14:23:55,22.2,55.9
2025-08-19,14:24:25,22.2,55.9
2025-08-19,14:24:55,22.2,56.0
2025-08-19,14:25:25,22.1,56.2
2025-08-19,14:25:55,22.1,56.3
2025-08-19,14:26:25,22.1,56.3
2025-08-19,14:26:55,22.1,56.3
2025-08-19,14:27:25,22.1,56.2
2025-08-19,14:27:55,22.1,56.3
2025-08-19,14:28:25,22.1,56.4
2025-08-19,14:28:55,22.1,56.4
2025-08-19,14:29:25,22.1,56.3
2025-08-19,14:29:55,22.1,56.2
2025-08-19,14:30:25,22.1,56.2
2025-08-19,14:30:55,22.1,56.2
2025-08-19,14:31:25,22.1,56.2
2025-08-19,14:31:55,22.2,56.1
2025-08-19,14:32:25,22.2,56.1
2025-08-19,14:32:55,22.2,56.1
2025-08-19,14:33:25,22.2,56.1
2025-08-19,14:33:55,22.1,56.2
2025-08-19,14:34:25,22.1,56.2
2025-08-19,14:34:55,22.2,56.1
2025-08-19,14:35:25,22.2,56.1
2025-08-19,14:35:55,22.1,56.2
2025-08-19,14:36:25,22.0,56.4
2025-08-19,14:36:55,22.0,56.5
2025-08-19,14:37:25,22.0,56.5
2025-08-19,14:37:55,22.0,56.5
2025-08-19,14:38:25,22.0,56.5
2025-08-19,14:38:55,22.0,56.5
2025-08-19,14:39:25,22.1,56.4
2025-08-19,14:39:55,22.1,56.3
2025-08-19,14:40:25,22.1,56.3
2025-08-19,14:40:55,22.1,56.3
2025-08-19,14:41:25,22.1,56.2
2025-08-19,14:41:55,22.2,56.2
2025-08-19,14:42:25,22.1,56.1
2025-08-19,14:42:55,22.1,56.2
2025-08-19,14:43:25,22.1,56.2
2025-08-19,14:43:55,22.1,56.2
2025-08-19,14:44:25,22.1,56.2
2025-08-19,14:44:55,22.1,56.2
2025-08-19,14:45:25,22.1,56.2
2025-08-19,14:45:55,22.1,56.3
2025-08-19,14:46:25,22.1,56.3
2025-08-19,14:46:55,22.1,56.3
2025-08-19,14:47:25,22.1,56.3
2025-08-19,14:47:55,22.1,56.3
2025-08-19,14:48:25,22.0,56.4
2025-08-19,14:48:55,22.1,56.4
2025-08-19,14:49:25,22.1,56.3
2025-08-19,14:49:55,22.1,56.2
2025-08-19,14:50:25,22.1,56.2
2025-08-19,14:50:55,22.1,56.2
2025-08-19,14:51:25,22.1,56.2
2025-08-19,14:51:55,22.1,56.2
2025-08-19,14:52:25,22.1,56.2
2025-08-19,14:52:55,22.1,56.2
2025-08-19,14:53:25,22.1,56.2
2025-08-19,14:53:55,22.1,56.2
2025-08-19,14:54:25,22.1,56.2
2025-08-19,14:54:55,22.1,56.3
2025-08-19,14:55:25,22.1,56.3
2025-08-19,14:55:55,22.1,56.4
2025-08-19,14:56:25,22.1,56.3
2025-08-19,14:56:55,22.1,56.3
2025-08-19,14:57:25,22.0,56.4
2025-08-19,14:57:55,22.1,56.4
2025-08-19,14:58:25,22.1,56.3
2025-08-19,14:58:55,22.1,56.3
2025-08-19,14:59:25,22.1,56.2
2025-08-19,14:59:55,22.1,56.1
2025-08-19,15:00:25,22.1,56.2
2025-08-19,15:00:55,22.1,56.1
2025-08-19,15:01:25,22.1,56.1
2025-08-19,15:01:55,22.2,56.1
2025-08-19,15:02:25,22.2,56.1
2025-08-19,15:02:55,22.2,56.1
2025-08-19,15:03:25,22.2,56.0
2025-08-19,15:03:55,22.1,56.2
2025-08-19,15:04:25,22.1,56.2
2025-08-19,15:04:55,22.1,56.3
2025-08-19,15:05:27,22.2,56.1
2025-08-19,15:05:55,22.2,56.0
2025-08-19,15:06:25,22.2,56.0
2025-08-19,15:06:55,22.2,56.0
2025-08-19,15:07:25,22.2,56.1
2025-08-19,15:07:55,22.1,56.1
2025-08-19,15:08:25,22.2,56.1
2025-08-19,15:08:57,22.2,56.1
2025-08-19,15:09:25,22.2,56.0
2025-08-19,15:09:55,22.2,56.1
2025-08-19,15:10:25,22.2,56.1
2025-08-19,15:10:55,22.1,56.1
2025-08-19,15:11:25,22.1,56.2
2025-08-19,15:11:55,22.1,56.2
2025-08-19,15:12:25,22.1,56.2
2025-08-19,15:12:55,22.1,56.2
2025-08-19,15:13:25,22.1,56.2
2025-08-19,15:13:55,22.1,56.3
2025-08-19,15:14:25,22.1,56.3
2025-08-19,15:14:55,22.0,56.4
2025-08-19,15:15:25,22.0,56.4
2025-08-19,15:15:55,22.0,56.4
2025-08-19,15:16:25,22.0,56.4
2025-08-19,15:16:55,22.0,56.5
2025-08-19,15:17:25,22.0,56.4
2025-08-19,15:17:55,22.0,56.5
2025-08-19,15:18:25,22.0,56.5
2025-08-19,15:18:55,22.0,56.5
2025-08-19,15:19:25,22.0,56.4
2025-08-19,15:19:55,22.1,56.3
2025-08-19,15:20:25,22.1,56.3
2025-08-19,15:20:55,22.1,56.2
2025-08-19,15:21:25,22.1,56.2
2025-08-19,15:21:55,22.1,56.2
2025-08-19,15:22:25,22.1,56.2
2025-08-19,15:22:55,22.1,56.2
2025-08-19,15:23:25,22.1,56.2
2025-08-19,15:23:55,22.1,56.2
2025-08-19,15:24:25,22.0,56.4
2025-08-19,15:24:55,22.0,56.4
2025-08-19,15:25:25,22.0,56.5
2025-08-19,15:25:55,21.9,56.6
2025-08-19,15:26:25,22.0,56.6
2025-08-19,15:26:55,22.0,56.5
2025-08-19,15:27:25,22.0,56.5
2025-08-19,15:27:55,21.9,56.6
2025-08-19,15:28:25,21.9,56.7
2025-08-19,15:28:55,22.0,56.6
2025-08-19,15:29:25,22.0,56.5
2025-08-19,15:29:55,22.0,56.5
2025-08-19,15:30:25,22.0,56.4
2025-08-19,15:30:55,22.0,56.4
2025-08-19,15:31:25,22.0,56.4
2025-08-19,15:31:57,22.1,56.3
2025-08-19,15:32:25,22.1,56.3
2025-08-19,15:32:55,22.1,56.2
2025-08-19,15:33:25,22.1,56.1
2025-08-19,15:33:55,22.2,56.1
2025-08-19,15:34:25,22.2,56.1
2025-08-19,15:34:55,22.2,56.0
2025-08-19,15:35:25,22.2,56.1
2025-08-19,15:35:55,22.1,56.1
2025-08-19,15:36:25,22.1,56.2
2025-08-19,15:36:55,22.1,56.2
2025-08-19,15:37:25,22.1,56.2
2025-08-19,15:37:55,22.1,56.2
2025-08-19,15:38:25,22.1,56.1
2025-08-19,15:38:55,22.2,56.1
2025-08-19,15:39:25,22.2,56.0
2025-08-19,15:39:55,22.2,56.0
2025-08-19,15:40:25,22.2,55.9
2025-08-19,15:40:55,22.2,55.9
2025-08-19,15:41:25,22.2,56.0
2025-08-19,15:41:55,22.2,56.0
2025-08-19,15:42:25,22.2,56.0
2025-08-19,15:42:55,22.1,56.0
2025-08-19,15:43:25,22.1,56.1
2025-08-19,15:43:55,22.1,56.1
2025-08-19,15:44:25,22.1,56.2
2025-08-19,15:44:55,22.1,56.2
2025-08-19,15:45:25,22.1,56.1
2025-08-19,15:45:55,22.1,56.2
2025-08-19,15:46:25,22.1,56.1
2025-08-19,15:46:55,22.1,56.2
2025-08-19,15:47:25,22.1,56.2
2025-08-19,15:47:55,22.1,56.3
2025-08-19,15:48:25,22.1,56.2
2025-08-19,15:48:55,22.1,56.1
2025-08-19,15:49:25,22.1,56.2
2025-08-19,15:49:55,22.1,56.2
2025-08-19,15:50:25,22.1,56.2
2025-08-19,15:50:55,22.1,56.2
2025-08-19,15:51:25,22.1,56.1
2025-08-19,15:51:55,22.1,56.1
2025-08-19,15:52:25,22.1,56.2
2025-08-19,15:52:55,22.1,56.2
2025-08-19,15:53:25,22.1,56.2
2025-08-19,15:53:55,22.1,56.1
2025-08-19,15:54:25,22.1,56.2
2025-08-19,15:54:55,22.0,56.3
2025-08-19,15:55:25,22.0,56.4
2025-08-19,15:55:55,22.0,56.4
2025-08-19,15:56:25,22.0,56.3
2025-08-19,15:56:55,22.0,56.3
2025-08-19,15:57:25,22.0,56.3
2025-08-19,15:57:55,22.0,56.4
2025-08-19,15:58:25,22.0,56.4
2025-08-19,15:58:55,22.1,56.3
2025-08-19,15:59:25,22.1,56.2
2025-08-19,15:59:55,22.1,56.2
2025-08-19,16:00:25,22.0,56.3
2025-08-19,16:00:55,22.1,56.3
2025-08-19,16:01:25,22.1,56.3
2025-08-19,16:01:55,22.1,56.2
2025-08-19,16:02:25,22.0,56.3
2025-08-19,16:02:55,22.0,56.3
2025-08-19,16:03:25,22.0,56.4
2025-08-19,16:03:55,22.0,56.4
2025-08-19,16:04:25,22.0,56.5
2025-08-19,16:04:55,22.0,56.5
2025-08-19,16:05:25,22.0,56.5
2025-08-19,16:05:55,22.0,56.4
2025-08-19,16:06:25,22.0,56.4
2025-08-19,16:06:55,22.0,56.3
2025-08-19,16:07:25,22.1,56.3
2025-08-19,16:07:55,22.1,56.2
2025-08-19,16:08:25,22.1,56.2
2025-08-19,16:08:55,22.1,56.2
2025-08-19,16:09:25,22.1,56.1
2025-08-19,16:09:55,22.1,56.2
2025-08-19,16:10:25,22.1,56.2
2025-08-19,16:10:55,22.1,56.2
2025-08-19,16:11:25,22.1,56.2
2025-08-19,16:11:55,22.1,56.2
2025-08-19,16:12:25,22.0,56.3
2025-08-19,16:12:55,21.9,56.5
2025-08-19,16:13:25,21.9,56.6
2025-08-19,16:13:55,21.9,56.6
2025-08-19,16:14:25,22.0,56.5
2025-08-19,16:14:55,22.0,56.5
2025-08-19,16:15:25,22.0,56.4
2025-08-19,16:15:55,22.0,56.4
2025-08-19,16:16:25,21.9,56.5
2025-08-19,16:16:55,22.0,56.5
2025-08-19,16:17:25,22.0,56.4
2025-08-19,16:17:55,22.0,56.4
2025-08-19,16:18:25,22.0,56.4
2025-08-19,16:18:55,22.0,56.4
2025-08-19,16:19:25,22.0,56.3
2025-08-19,16:19:55,22.1,56.2
2025-08-19,16:20:25,22.1,56.2
2025-08-19,16:20:55,22.1,56.1
2025-08-19,16:21:25,22.1,56.1
2025-08-19,16:21:55,22.1,56.1
2025-08-19,16:22:25,22.1,56.1
2025-08-19,16:22:55,22.1,56.1
2025-08-19,16:23:25,22.0,56.2
2025-08-19,16:23:55,22.0,56.3
2025-08-19,16:24:25,22.0,56.3
2025-08-19,16:24:55,22.1,56.3
2025-08-19,16:25:25,22.0,56.3
2025-08-19,16:25:55,22.0,56.3
2025-08-19,16:26:25,21.9,56.5
2025-08-19,16:26:55,21.9,56.6
2025-08-19,16:27:25,21.9,56.7
2025-08-19,16:27:55,21.9,56.6
2025-08-19,16:28:25,21.9,56.5
2025-08-19,16:28:55,22.0,56.5
2025-08-19,16:29:25,21.9,56.5
2025-08-19,16:29:55,22.0,56.5
2025-08-19,16:30:25,22.0,56.4
2025-08-19,16:30:55,22.0,56.3
2025-08-19,16:31:25,22.1,56.2
2025-08-19,16:31:55,22.1,56.2
2025-08-19,16:32:25,22.1,56.2
2025-08-19,16:32:55,22.1,56.2
2025-08-19,16:33:25,22.1,56.2
2025-08-19,16:33:55,22.0,56.3
2025-08-19,16:34:25,22.0,56.3
2025-08-19,16:34:55,22.1,56.2
2025-08-19,16:35:25,22.1,56.1
2025-08-19,16:35:55,22.1,56.1
2025-08-19,16:36:25,22.0,56.3
2025-08-19,16:36:55,22.0,56.4
2025-08-19,16:37:27,22.0,56.3
2025-08-19,16:37:55,22.1,56.3
2025-08-19,16:38:25,22.0,56.3
2025-08-19,16:38:55,22.0,56.3
2025-08-19,16:39:25,22.1,56.3
2025-08-19,16:39:55,22.1,56.2
2025-08-19,16:40:25,22.1,56.2
2025-08-19,16:40:55,22.1,56.2
2025-08-19,16:41:25,22.1,56.1
2025-08-19,16:41:55,22.1,56.2
2025-08-19,16:42:25,22.1,56.1
2025-08-19,16:42:55,22.1,56.1
2025-08-19,16:43:25,22.0,56.2
2025-08-19,16:43:55,22.1,56.2
2025-08-19,16:44:25,22.1,56.2
2025-08-19,16:44:55,22.1,56.2
2025-08-19,16:45:25,22.0,56.2
2025-08-19,16:45:55,22.0,56.3
2025-08-19,16:46:25,22.1,56.2
2025-08-19,16:46:55,22.1,56.2
2025-08-19,16:47:25,22.1,56.2
2025-08-19,16:47:55,22.1,56.2
2025-08-19,16:48:25,22.1,56.2
2025-08-19,16:48:55,22.1,56.1
2025-08-19,16:49:25,22.1,56.1
2025-08-19,16:49:57,22.1,56.1
2025-08-19,16:50:25,22.1,56.0
2025-08-19,16:50:55,22.1,56.0
2025-08-19,16:51:25,22.1,56.0
2025-08-19,16:51:57,22.1,56.1
2025-08-19,16:52:25,22.1,56.0
2025-08-19,16:52:55,22.1,56.1
2025-08-19,16:53:25,22.1,56.1
2025-08-19,16:53:55,22.1,56.0
2025-08-19,16:54:25,22.2,55.9
2025-08-19,16:54:57,22.1,56.0
2025-08-19,16:55:25,22.1,56.0
2025-08-19,16:55:55,22.0,56.2
2025-08-19,16:56:25,22.0,56.3
2025-08-19,16:56:55,22.0,56.2
2025-08-19,16:57:25,22.1,56.2
2025-08-19,16:57:55,22.1,56.2
2025-08-19,16:58:25,22.1,56.1
2025-08-19,16:58:55,22.1,56.2
2025-08-19,16:59:25,22.0,56.2
2025-08-19,16:59:55,22.1,56.2
2025-08-19,17:00:25,22.1,56.1
2025-08-19,17:00:55,22.1,56.1
2025-08-19,17:01:25,22.1,56.1
2025-08-19,17:01:55,22.1,56.1
2025-08-19,17:02:25,22.1,56.0
2025-08-19,17:02:55,22.1,56.0
2025-08-19,17:03:25,22.1,56.0
2025-08-19,17:03:55,22.1,56.0
2025-08-19,17:04:25,22.0,56.1
2025-08-19,17:04:55,22.0,56.3
2025-08-19,17:05:25,22.0,56.3
2025-08-19,17:05:55,22.0,56.3
2025-08-19,17:06:25,22.0,56.2
2025-08-19,17:06:55,22.1,56.1
2025-08-19,17:07:25,22.1,56.0
2025-08-19,17:07:55,22.1,55.9
2025-08-19,17:08:25,22.1,56.0
2025-08-19,17:08:55,22.1,56.0
2025-08-19,17:09:25,22.1,56.0
2025-08-19,17:09:55,22.1,56.1
2025-08-19,17:10:25,22.1,56.1
2025-08-19,17:10:55,22.1,56.1
2025-08-19,17:11:25,22.1,56.1
2025-08-19,17:11:55,22.1,56.1
2025-08-19,17:12:25,22.1,56.0
2025-08-19,17:12:55,22.0,56.1
2025-08-19,17:13:25,22.0,56.2
2025-08-19,17:13:55,22.0,56.2
2025-08-19,17:14:25,22.0,56.3
2025-08-19,17:14:55,22.0,56.2
2025-08-19,17:15:25,22.1,56.2
2025-08-19,17:15:55,22.0,56.2
2025-08-19,17:16:25,22.0,56.2
2025-08-19,17:16:55,22.1,56.2
2025-08-19,17:17:25,22.1,56.1
2025-08-19,17:17:55,22.1,56.1
2025-08-19,17:18:25,22.1,56.0
2025-08-19,17:18:55,22.1,56.1
2025-08-19,17:19:25,22.1,56.1
2025-08-19,17:19:55,22.0,56.1
2025-08-19,17:20:25,22.1,56.1
2025-08-19,17:20:55,22.0,56.2
2025-08-19,17:21:25,22.0,56.3
2025-08-19,17:21:55,21.9,56.4
2025-08-19,17:22:25,22.0,56.4
2025-08-19,17:22:55,22.0,56.4
2025-08-19,17:23:25,21.9,56.4
2025-08-19,17:23:55,22.0,56.4
2025-08-19,17:24:25,22.0,56.3
2025-08-19,17:24:55,22.0,56.3
2025-08-19,17:25:25,22.0,56.3
2025-08-19,17:25:55,22.0,56.3
2025-08-19,17:26:25,22.0,56.2
2025-08-19,17:26:55,22.0,56.2
2025-08-19,17:27:25,22.0,56.2
2025-08-19,17:27:55,22.1,56.2
2025-08-19,17:28:25,22.0,56.2
2025-08-19,17:28:55,22.0,56.2
2025-08-19,17:29:25,22.1,56.2
2025-08-19,17:29:55,22.1,56.1
2025-08-19,17:30:25,22.0,56.2
2025-08-19,17:30:55,21.9,56.4
2025-08-19,17:31:25,21.9,56.5
2025-08-19,17:31:55,21.9,56.4
2025-08-19,17:32:25,21.9,56.4
2025-08-19,17:32:55,21.9,56.4
2025-08-19,17:33:25,22.0,56.4
2025-08-19,17:33:55,21.9,56.4
2025-08-19,17:34:25,22.0,56.4
2025-08-19,17:34:55,22.0,56.4
2025-08-19,17:35:25,22.0,56.3
2025-08-19,17:35:55,22.1,56.2
2025-08-19,17:36:25,22.1,56.1
2025-08-19,17:36:55,22.1,56.0
2025-08-19,17:37:25,22.1,56.0
2025-08-19,17:37:55,22.1,56.0
2025-08-19,17:38:25,22.1,56.0
2025-08-19,17:38:55,22.1,56.0
2025-08-19,17:39:25,22.1,55.9
2025-08-19,17:39:55,22.1,56.0
2025-08-19,17:40:25,22.0,56.2
2025-08-19,17:40:55,22.0,56.3
2025-08-19,17:41:25,22.0,56.4
2025-08-19,17:41:55,22.0,56.3
2025-08-19,17:42:25,22.1,56.2
2025-08-19,17:42:55,22.1,56.0
2025-08-19,17:43:25,22.1,56.0
2025-08-19,17:43:55,22.0,56.2
2025-08-19,17:44:25,21.9,56.4
2025-08-19,17:44:55,21.8,56.6
2025-08-19,17:45:25,21.8,56.7
2025-08-19,17:45:55,21.9,56.6
2025-08-19,17:46:25,21.9,56.5
2025-08-19,17:46:55,21.9,56.5
2025-08-19,17:47:25,21.9,56.4
2025-08-19,17:47:55,22.0,56.4
2025-08-19,17:48:25,22.1,56.2
2025-08-19,17:48:55,22.1,56.0
2025-08-19,17:49:25,22.1,56.0
2025-08-19,17:49:55,22.2,55.9
2025-08-19,17:50:27,22.2,55.9
2025-08-19,17:50:55,22.1,55.9
2025-08-19,17:51:25,22.1,55.9
2025-08-19,17:51:55,22.1,55.9
2025-08-19,17:52:25,22.1,56.0
2025-08-19,17:52:55,22.2,55.9
2025-08-19,17:53:25,22.2,55.8
2025-08-19,17:53:55,22.2,55.8
2025-08-19,17:54:25,22.2,55.8
2025-08-19,17:54:55,22.1,55.9
2025-08-19,17:55:25,22.1,56.0
2025-08-19,17:55:55,22.1,55.9
2025-08-19,17:56:25,22.1,56.0
2025-08-19,17:56:55,22.1,56.0
2025-08-19,17:57:25,22.1,56.0
2025-08-19,17:57:55,22.1,56.0
2025-08-19,17:58:25,22.1,56.0
2025-08-19,17:58:55,22.1,56.0
2025-08-19,17:59:25,22.1,56.0
2025-08-19,17:59:55,22.1,56.0
2025-08-19,18:00:25,22.1,56.0
2025-08-19,18:00:55,22.0,56.2
2025-08-19,18:01:25,22.0,56.2
2025-08-19,18:01:55,22.0,56.3
2025-08-19,18:02:25,22.0,56.3
2025-08-19,18:02:55,22.0,56.3
2025-08-19,18:03:27,22.0,56.3
2025-08-19,18:03:55,22.0,56.3
2025-08-19,18:04:25,22.0,56.3
2025-08-19,18:04:55,21.9,56.4
2025-08-19,18:05:25,21.9,56.5
2025-08-19,18:05:55,21.9,56.6
2025-08-19,18:06:25,21.9,56.5
2025-08-19,18:06:55,21.9,56.4
2025-08-19,18:07:25,21.9,56.4
2025-08-19,18:07:55,21.9,56.4
2025-08-19,18:08:25,22.0,56.4
2025-08-19,18:08:55,22.0,56.3
2025-08-19,18:09:25,22.0,56.2
2025-08-19,18:09:57,22.0,56.2
2025-08-19,18:10:25,22.0,56.2
2025-08-19,18:10:55,22.0,56.2
2025-08-19,18:11:25,21.9,56.4
2025-08-19,18:11:55,22.0,56.4
2025-08-19,18:12:25,22.1,56.3
2025-08-19,18:12:55,22.0,56.2
2025-08-19,18:13:25,22.0,56.1
2025-08-19,18:13:55,22.0,56.2
2025-08-19,18:14:25,22.0,56.3
2025-08-19,18:14:55,21.9,56.4
2025-08-19,18:15:25,21.9,56.5
2025-08-19,18:15:55,21.9,56.5
2025-08-19,18:16:25,21.9,56.5
2025-08-19,18:16:55,21.9,56.5
2025-08-19,18:17:25,21.9,56.4
2025-08-19,18:17:55,22.0,56.4
2025-08-19,18:18:25,21.9,56.4
2025-08-19,18:18:55,22.0,56.3
2025-08-19,18:19:25,22.0,56.2
2025-08-19,18:19:55,22.0,56.2
2025-08-19,18:20:25,22.1,56.1
2025-08-19,18:20:55,22.0,56.1
2025-08-19,18:21:25,22.0,56.1
2025-08-19,18:21:55,22.0,56.2
2025-08-19,18:22:30,22.0,56.2
2025-08-19,18:22:55,22.0,56.3
2025-08-19,18:23:25,22.0,56.1
2025-08-19,18:23:55,22.0,56.1
2025-08-19,18:24:25,22.0,56.3
2025-08-19,18:24:55,21.9,56.4
2025-08-19,18:25:25,21.9,56.4
2025-08-19,18:25:55,22.0,56.3
2025-08-19,18:26:25,22.0,56.2
2025-08-19,18:26:55,22.0,56.2
2025-08-19,18:27:25,22.0,56.1
2025-08-19,18:27:57,22.0,56.1
2025-08-19,18:28:25,22.1,56.1
2025-08-19,18:28:55,22.1,56.1
2025-08-19,18:29:25,22.1,56.0
2025-08-19,18:29:55,22.1,56.0
2025-08-19,18:30:25,22.0,56.1
2025-08-19,18:30:55,22.0,56.2
2025-08-19,18:31:25,21.9,56.4
2025-08-19,18:31:55,21.9,56.6
2025-08-19,18:32:25,21.9,56.4
2025-08-19,18:32:55,21.9,56.4
2025-08-19,18:33:25,21.9,56.4
2025-08-19,18:33:55,22.0,56.3
2025-08-19,18:34:25,21.9,56.3
2025-08-19,18:34:55,21.9,56.4
2025-08-19,18:35:25,22.0,56.4
2025-08-19,18:35:55,22.0,56.3
2025-08-19,18:36:25,22.0,56.3
2025-08-19,18:36:55,22.0,56.3
2025-08-19,18:37:25,22.0,56.2
2025-08-19,18:37:55,22.0,56.1
2025-08-19,18:38:25,22.1,56.1
2025-08-19,18:38:55,22.1,56.0
2025-08-19,18:39:25,22.0,56.0
2025-08-19,18:39:55,22.0,56.1
2025-08-19,18:40:25,22.0,56.2
2025-08-19,18:40:55,21.9,56.4
2025-08-19,18:41:25,21.9,56.5
2025-08-19,18:41:55,21.9,56.5
2025-08-19,18:42:25,22.0,56.4
2025-08-19,18:42:55,22.0,56.3
2025-08-19,18:43:25,22.0,56.3
2025-08-19,18:43:55,22.0,56.2
2025-08-19,18:44:25,21.9,56.3
2025-08-19,18:44:55,21.9,56.4
2025-08-19,18:45:25,21.9,56.5
2025-08-19,18:45:55,21.9,56.4
2025-08-19,18:46:25,22.0,56.3
2025-08-19,18:46:55,22.0,56.2
2025-08-19,18:47:25,22.0,56.1
2025-08-19,18:47:55,22.0,56.1
2025-08-19,18:48:25,22.1,56.1
2025-08-19,18:48:55,22.1,56.0
2025-08-19,18:49:25,22.1,55.9
2025-08-19,18:49:55,22.0,56.1
2025-08-19,18:50:25,22.0,56.2
2025-08-19,18:50:55,22.0,56.3
2025-08-19,18:51:25,22.0,56.3
2025-08-19,18:51:55,22.0,56.3
2025-08-19,18:52:25,22.0,56.2
2025-08-19,18:52:55,22.1,56.1
2025-08-19,18:53:25,22.0,56.1
2025-08-19,18:53:55,22.0,56.1
2025-08-19,18:54:25,22.0,56.2
2025-08-19,18:54:55,22.0,56.2
2025-08-19,18:55:25,22.0,56.2
2025-08-19,18:55:55,22.0,56.2
2025-08-19,18:56:25,22.0,56.1
2025-08-19,18:56:55,22.0,56.1
2025-08-19,18:57:25,22.0,56.1
2025-08-19,18:57:55,22.0,56.1
2025-08-19,18:58:25,22.0,56.1
2025-08-19,18:58:55,22.0,56.0
2025-08-19,18:59:25,22.1,56.0
2025-08-19,18:59:55,22.0,56.1
2025-08-19,19:00:25,21.9,56.3
2025-08-19,19:00:55,21.9,56.5
2025-08-19,19:01:25,21.8,56.6
2025-08-19,19:01:55,21.9,56.5
2025-08-19,19:02:25,21.9,56.3
2025-08-19,19:02:55,21.9,56.4
2025-08-19,19:03:25,21.8,56.5
2025-08-19,19:03:55,21.8,56.6
2025-08-19,19:04:25,21.8,56.7
2025-08-19,19:04:55,21.8,56.6
2025-08-19,19:05:25,21.9,56.5
2025-08-19,19:05:55,21.9,56.5
2025-08-19,19:06:25,21.9,56.4
2025-08-19,19:06:55,21.9,56.3
2025-08-19,19:07:25,22.0,56.3
2025-08-19,19:07:55,22.0,56.2
2025-08-19,19:08:25,22.0,56.2
2025-08-19,19:08:55,21.9,56.2
2025-08-19,19:09:25,21.9,56.3
2025-08-19,19:09:55,21.9,56.5
2025-08-19,19:10:25,21.9,56.5
2025-08-19,19:10:55,21.9,56.4
2025-08-19,19:11:25,21.9,56.3
2025-08-19,19:11:55,22.0,56.2
2025-08-19,19:12:25,22.0,56.1
2025-08-19,19:12:55,22.0,56.0
2025-08-19,19:13:25,22.0,56.2
2025-08-19,19:13:55,22.0,56.1
2025-08-19,19:14:25,22.0,56.2
2025-08-19,19:14:55,22.0,56.1
2025-08-19,19:15:25,22.0,56.0
2025-08-19,19:15:55,22.0,56.1
2025-08-19,19:16:25,22.0,56.1
2025-08-19,19:16:55,22.0,56.1
2025-08-19,19:17:25,22.0,56.1
2025-08-19,19:17:55,22.0,56.1
2025-08-19,19:18:25,22.0,56.1
2025-08-19,19:18:55,21.9,56.3
2025-08-19,19:19:25,21.9,56.4
2025-08-19,19:19:55,21.9,56.4
2025-08-19,19:20:25,21.9,56.4
2025-08-19,19:20:55,21.9,56.3
2025-08-19,19:21:25,22.0,56.2
2025-08-19,19:21:55,22.0,56.2
2025-08-19,19:22:25,21.9,56.3
2025-08-19,19:22:55,21.8,56.5
2025-08-19,19:23:25,21.9,56.4
2025-08-19,19:23:55,21.9,56.3
2025-08-19,19:24:25,21.9,56.3
2025-08-19,19:24:55,22.0,56.2
2025-08-19,19:25:25,22.0,56.0
2025-08-19,19:25:55,22.0,56.0
2025-08-19,19:26:25,22.1,56.0
2025-08-19,19:26:55,22.1,55.9
2025-08-19,19:27:25,22.1,55.9
2025-08-19,19:27:55,22.1,55.9
2025-08-19,19:28:25,22.0,56.1
2025-08-19,19:28:55,21.9,56.2
2025-08-19,19:29:27,21.9,56.2
2025-08-19,19:29:55,22.0,56.2
2025-08-19,19:30:25,22.0,56.1
2025-08-19,19:30:55,22.0,56.0
2025-08-19,19:31:25,22.1,55.9
2025-08-19,19:31:55,22.1,55.8
2025-08-19,19:32:25,22.0,55.9
2025-08-19,19:32:55,22.0,56.0
2025-08-19,19:33:25,22.0,56.1
2025-08-19,19:33:55,22.0,56.0
2025-08-19,19:34:25,22.0,56.0
2025-08-19,19:34:55,22.0,56.1
2025-08-19,19:35:25,22.0,56.1
2025-08-19,19:35:55,22.0,56.1
2025-08-19,19:36:25,22.0,56.0
2025-08-19,19:36:55,22.0,55.9
2025-08-19,19:37:25,22.0,55.9
2025-08-19,19:37:55,22.0,55.9
2025-08-19,19:38:25,22.0,56.0
2025-08-19,19:38:55,21.9,56.1
2025-08-19,19:39:27,21.9,56.3
2025-08-19,19:39:55,21.9,56.3
2025-08-19,19:40:27,21.9,56.3
2025-08-19,19:40:55,21.9,56.3
2025-08-19,19:41:25,21.9,56.2
2025-08-19,19:41:55,21.9,56.2
2025-08-19,19:42:25,21.9,56.2
2025-08-19,19:42:55,21.9,56.3
2025-08-19,19:43:25,21.9,56.3
2025-08-19,19:43:55,21.9,56.2
2025-08-19,19:44:25,21.9,56.2
2025-08-19,19:44:55,22.0,56.1
2025-08-19,19:45:25,22.0,56.1
2025-08-19,19:45:55,22.0,56.1
2025-08-19,19:46:25,22.0,56.0
2025-08-19,19:46:55,22.0,56.0
2025-08-19,19:47:25,22.0,55.9
2025-08-19,19:47:55,22.0,55.9
2025-08-19,19:48:25,22.0,56.1
2025-08-19,19:48:55,21.9,56.1
2025-08-19,19:49:25,21.9,56.2
2025-08-19,19:49:55,21.9,56.2
2025-08-19,19:50:25,21.9,56.2
2025-08-19,19:50:55,22.0,56.1
2025-08-19,19:51:25,22.0,56.0
2025-08-19,19:51:55,22.0,56.0
2025-08-19,19:52:25,21.9,56.1
2025-08-19,19:52:55,21.9,56.2
2025-08-19,19:53:25,21.9,56.1
2025-08-19,19:53:55,21.9,56.1
2025-08-19,19:54:25,22.0,56.0
2025-08-19,19:54:55,22.0,56.0
2025-08-19,19:55:25,22.0,55.9
2025-08-19,19:55:55,22.0,55.8
2025-08-19,19:56:25,22.1,55.8
2025-08-19,19:56:55,22.0,55.8
2025-08-19,19:57:25,21.9,56.0
2025-08-19,19:57:55,21.9,56.1
2025-08-19,19:58:25,21.9,56.1
2025-08-19,19:58:55,21.9,56.1
2025-08-19,19:59:25,22.0,56.1
2025-08-19,19:59:55,22.0,56.0
2025-08-19,20:00:25,21.9,56.1
2025-08-19,20:00:55,21.8,56.3
2025-08-19,20:01:25,21.7,56.5
2025-08-19,20:01:55,21.7,56.7
2025-08-19,20:02:25,21.7,56.6
2025-08-19,20:02:55,21.8,56.5
2025-08-19,20:03:25,21.8,56.4
2025-08-19,20:03:55,21.9,56.3
2025-08-19,20:04:25,21.9,56.3
2025-08-19,20:04:55,21.9,56.2
2025-08-19,20:05:25,21.9,56.1
2025-08-19,20:05:55,22.0,56.0
2025-08-19,20:06:25,22.0,56.0
2025-08-19,20:06:55,22.0,55.9
2025-08-19,20:07:25,22.0,56.0
2025-08-19,20:07:55,22.0,56.0
2025-08-19,20:08:25,22.0,55.9
2025-08-19,20:08:55,22.0,55.9
2025-08-19,20:09:25,22.0,55.8
2025-08-19,20:09:55,22.0,55.8
2025-08-19,20:10:25,22.0,55.9
2025-08-19,20:10:55,21.9,56.0
2025-08-19,20:11:25,22.0,56.1
2025-08-19,20:11:55,22.0,56.0
2025-08-19,20:12:25,22.0,55.9
2025-08-19,20:12:55,22.0,55.9
2025-08-19,20:13:25,22.0,55.8
2025-08-19,20:13:55,22.1,55.7
2025-08-19,20:14:25,22.1,55.7
2025-08-19,20:14:55,22.1,55.6
2025-08-19,20:15:25,22.1,55.6
2025-08-19,20:15:55,22.1,55.6
2025-08-19,20:16:25,22.1,55.6
2025-08-19,20:16:55,22.1,55.6
2025-08-19,20:17:25,22.1,55.6
2025-08-19,20:17:55,22.0,55.8
2025-08-19,20:18:25,22.0,55.9
2025-08-19,20:18:55,22.0,55.9
2025-08-19,20:19:25,22.0,55.8
2025-08-19,20:19:55,22.0,55.8
2025-08-19,20:20:25,22.0,55.9
2025-08-19,20:20:55,22.0,55.8
2025-08-19,20:21:25,22.0,55.8
2025-08-19,20:21:55,22.1,55.7
2025-08-19,20:22:25,22.0,55.7
2025-08-19,20:22:55,22.0,55.8
2025-08-19,20:23:25,22.0,55.7
2025-08-19,20:23:55,22.1,55.7
2025-08-19,20:24:25,22.1,55.6
2025-08-19,20:24:55,22.1,55.7
2025-08-19,20:25:25,22.0,55.7
2025-08-19,20:25:55,22.0,55.7
2025-08-19,20:26:25,22.0,55.8
2025-08-19,20:26:55,22.0,55.8
2025-08-19,20:27:25,22.0,55.8
2025-08-19,20:27:55,22.0,55.8
2025-08-19,20:28:25,22.0,55.8
2025-08-19,20:28:55,22.0,55.7
2025-08-19,20:29:25,22.0,55.7
2025-08-19,20:29:55,22.0,55.8
2025-08-19,20:30:25,21.9,55.9
2025-08-19,20:30:55,22.0,55.9
2025-08-19,20:31:25,22.0,55.8
2025-08-19,20:31:55,22.0,55.8
2025-08-19,20:32:25,22.0,55.7
2025-08-19,20:32:55,22.0,55.7
2025-08-19,20:33:25,22.1,55.7
2025-08-19,20:33:55,22.1,55.6
2025-08-19,20:34:25,22.1,55.6
2025-08-19,20:34:55,22.0,55.6
2025-08-19,20:35:25,22.0,55.7
2025-08-19,20:35:55,21.9,55.9
2025-08-19,20:36:25,22.0,55.9
2025-08-19,20:36:55,22.0,55.8
2025-08-19,20:37:25,22.0,55.7
2025-08-19,20:37:55,22.0,55.7
2025-08-19,20:38:25,22.0,55.7
2025-08-19,20:38:55,22.0,55.8
2025-08-19,20:39:25,21.9,55.9
2025-08-19,20:39:55,21.8,56.1
2025-08-19,20:40:25,21.9,56.1
2025-08-19,20:40:55,21.9,56.1
2025-08-19,20:41:25,21.9,56.1
2025-08-19,20:41:55,21.8,56.1
2025-08-19,20:42:25,21.9,56.1
2025-08-19,20:42:55,21.8,56.1
2025-08-19,20:43:25,21.9,56.1
2025-08-19,20:43:55,21.9,56.0
2025-08-19,20:44:25,21.9,56.1
2025-08-19,20:44:55,21.8,56.1
2025-08-19,20:45:25,21.8,56.2
2025-08-19,20:45:55,21.8,56.2
2025-08-19,20:46:25,21.8,56.2
2025-08-19,20:46:55,21.8,56.2
2025-08-19,20:47:25,21.8,56.1
2025-08-19,20:47:55,21.8,56.1
2025-08-19,20:48:25,21.8,56.2
2025-08-19,20:48:55,21.8,56.2
2025-08-19,20:49:25,21.7,56.4
2025-08-19,20:49:55,21.7,56.4
2025-08-19,20:50:25,21.7,56.5
2025-08-19,20:50:55,21.7,56.5
2025-08-19,20:51:25,21.7,56.6
2025-08-19,20:51:55,21.7,56.6
2025-08-19,20:52:25,21.6,56.7
2025-08-19,20:52:55,21.6,56.7
2025-08-19,20:53:25,21.6,56.8
2025-08-19,20:53:55,21.6,56.8
2025-08-19,20:54:25,21.6,56.7
2025-08-19,20:54:55,21.7,56.7
2025-08-19,20:55:25,21.6,56.7
2025-08-19,20:55:55,21.6,56.8
2025-08-19,20:56:25,21.7,56.7
2025-08-19,20:56:55,21.7,56.6
2025-08-19,20:57:25,21.8,56.3
2025-08-19,20:57:55,21.9,56.2
2025-08-19,20:58:25,21.9,56.1
2025-08-19,20:58:55,21.8,56.2
2025-08-19,20:59:25,21.8,56.3
2025-08-19,20:59:55,21.8,56.3
2025-08-19,21:00:25,21.8,56.2
2025-08-19,21:00:55,21.8,56.1
2025-08-19,21:01:25,21.9,56.0
2025-08-19,21:01:55,21.9,56.0
2025-08-19,21:02:25,21.9,55.9
2025-08-19,21:02:55,21.9,55.9
2025-08-19,21:03:25,22.0,55.8
2025-08-19,21:03:55,22.0,55.7
2025-08-19,21:04:25,22.0,55.6
2025-08-19,21:04:55,22.1,55.5
2025-08-19,21:05:25,22.1,55.4
2025-08-19,21:05:55,22.1,55.4
2025-08-19,21:06:25,22.2,55.3
2025-08-19,21:06:55,22.2,55.2
2025-08-19,21:07:25,22.2,55.1
2025-08-19,21:07:55,22.3,55.0
2025-08-19,21:08:25,22.3,54.8
2025-08-19,21:08:55,22.4,54.8
2025-08-19,21:09:25,22.4,54.6
2025-08-19,21:09:55,22.5,54.5
2025-08-19,21:10:25,22.5,54.3
2025-08-19,21:10:55,22.5,54.4
2025-08-19,21:11:25,22.5,54.4
2025-08-19,21:11:55,22.5,54.2
2025-08-19,21:12:25,22.5,54.2
2025-08-19,21:12:55,22.5,54.3
2025-08-19,21:13:25,22.5,54.4
2025-08-19,21:13:55,22.4,54.6
2025-08-19,21:14:25,22.3,54.7
2025-08-19,21:14:55,22.3,54.8
2025-08-19,21:15:25,22.3,54.8
2025-08-19,21:15:55,22.4,54.8
2025-08-19,21:16:25,22.3,54.8
2025-08-19,21:16:55,22.2,55.0
2025-08-19,21:17:25,22.2,55.1
2025-08-19,21:17:55,22.2,55.1
2025-08-19,21:18:25,22.2,55.1
2025-08-19,21:18:55,22.2,55.1
2025-08-19,21:19:25,22.2,55.2
2025-08-19,21:19:55,22.2,55.2
2025-08-19,21:20:25,22.1,55.2
2025-08-19,21:20:55,22.1,55.3
2025-08-19,21:21:25,22.1,55.3
2025-08-19,21:21:55,22.1,55.3
2025-08-19,21:22:25,22.1,55.4
2025-08-19,21:22:55,22.1,55.4
2025-08-19,21:23:25,22.0,55.5
2025-08-19,21:23:55,22.0,55.6
2025-08-19,21:24:25,22.0,55.6
2025-08-19,21:24:55,22.0,55.5
2025-08-19,21:25:25,22.0,55.5
2025-08-19,21:25:55,22.0,55.5
2025-08-19,21:26:25,22.0,55.5
2025-08-19,21:26:55,22.0,55.6
2025-08-19,21:27:25,22.0,55.6
2025-08-19,21:27:55,22.0,55.7
2025-08-19,21:28:25,22.0,55.7
2025-08-19,21:28:55,22.0,55.7
2025-08-19,21:29:25,22.0,55.6
2025-08-19,21:29:55,22.0,55.6
2025-08-19,21:30:25,22.0,55.6
2025-08-19,21:30:55,22.0,55.5
2025-08-19,21:31:25,22.0,55.6
2025-08-19,21:31:55,22.0,55.6
2025-08-19,21:32:25,22.0,55.6
2025-08-19,21:32:55,21.9,55.7
2025-08-19,21:33:25,21.9,55.9
2025-08-19,21:33:55,21.9,55.9
2025-08-19,21:34:25,21.9,55.8
2025-08-19,21:34:57,22.0,55.7
2025-08-19,21:35:25,22.0,55.7
2025-08-19,21:35:55,21.9,55.7
2025-08-19,21:36:25,21.9,55.7
2025-08-19,21:36:55,21.8,55.9
2025-08-19,21:37:25,21.8,56.0
2025-08-19,21:37:55,21.8,56.0
2025-08-19,21:38:25,21.9,55.9
2025-08-19,21:38:55,21.9,55.9
2025-08-19,21:39:25,21.9,55.9
2025-08-19,21:39:55,21.9,55.8
2025-08-19,21:40:25,22.0,55.7
2025-08-19,21:40:55,22.0,55.7
2025-08-19,21:41:25,22.0,55.6
2025-08-19,21:41:55,22.0,55.6
2025-08-19,21:42:25,22.0,55.5
2025-08-19,21:42:55,22.0,55.6
2025-08-19,21:43:25,21.9,55.7
2025-08-19,21:43:55,21.9,55.8
2025-08-19,21:44:25,21.9,55.9
2025-08-19,21:44:55,21.9,55.9
2025-08-19,21:45:25,21.9,55.9
2025-08-19,21:45:55,21.9,55.9
2025-08-19,21:46:25,21.9,55.8
2025-08-19,21:46:55,21.9,55.9
2025-08-19,21:47:25,21.9,55.7
2025-08-19,21:47:55,22.0,55.7
2025-08-19,21:48:25,22.0,55.7
2025-08-19,21:48:55,21.9,55.7
2025-08-19,21:49:25,22.0,55.6
2025-08-19,21:49:55,22.0,55.6
2025-08-19,21:50:25,22.0,55.6
2025-08-19,21:50:55,21.9,55.7
2025-08-19,21:51:25,21.9,55.8
2025-08-19,21:51:55,21.9,55.9
2025-08-19,21:52:25,21.9,55.7
2025-08-19,21:52:55,21.9,55.7
2025-08-19,21:53:25,22.0,55.6
2025-08-19,21:53:55,22.0,55.5
2025-08-19,21:54:25,22.0,55.5
2025-08-19,21:54:55,22.0,55.6
2025-08-19,21:55:25,21.9,55.7
2025-08-19,21:55:55,21.8,55.9
2025-08-19,21:56:25,21.9,55.9
2025-08-19,21:56:55,21.9,55.8
2025-08-19,21:57:25,21.9,55.7
2025-08-19,21:57:55,21.9,55.7
2025-08-19,21:58:25,22.0,55.7
2025-08-19,21:58:55,21.9,55.6
2025-08-19,21:59:25,22.0,55.6
2025-08-19,21:59:55,22.0,55.6
2025-08-19,22:00:25,21.9,55.7
2025-08-19,22:00:57,21.9,55.9
2025-08-19,22:01:25,21.9,55.9
2025-08-19,22:01:55,21.9,55.9
2025-08-19,22:02:25,21.9,55.9
2025-08-19,22:02:55,21.9,55.9
2025-08-19,22:03:25,21.9,55.7
2025-08-19,22:03:55,21.9,55.7
2025-08-19,22:04:27,21.8,56.0
2025-08-19,22:04:55,21.8,56.0
2025-08-19,22:05:25,21.8,56.1
2025-08-19,22:05:55,21.7,56.1
2025-08-19,22:06:25,21.7,56.2
2025-08-19,22:06:55,21.8,56.2
2025-08-19,22:07:25,21.8,56.1
2025-08-19,22:07:55,21.8,56.1
2025-08-19,22:08:25,21.8,56.0
2025-08-19,22:08:55,21.9,55.8
2025-08-19,22:09:25,21.9,55.7
2025-08-19,22:09:55,21.9,55.7
2025-08-19,22:10:25,21.9,55.8
2025-08-19,22:10:55,21.8,55.9
2025-08-19,22:11:25,21.8,55.9
2025-08-19,22:11:55,21.8,56.0
2025-08-19,22:12:25,21.8,56.0
2025-08-19,22:12:55,21.9,55.8
2025-08-19,22:13:25,22.0,55.6
2025-08-19,22:13:55,22.0,55.6
2025-08-19,22:14:25,21.9,55.7
2025-08-19,22:14:55,21.8,55.9
2025-08-19,22:15:25,21.8,55.9
2025-08-19,22:15:55,21.9,55.8
2025-08-19,22:16:25,21.9,55.7
2025-08-19,22:16:55,21.9,55.7
2025-08-19,22:17:25,22.0,55.6
2025-08-19,22:17:55,22.0,55.6
2025-08-19,22:18:25,21.9,55.5
2025-08-19,22:18:55,21.9,55.6
2025-08-19,22:19:25,21.9,55.6
2025-08-19,22:19:55,21.9,55.7
2025-08-19,22:20:25,21.9,55.7
2025-08-19,22:20:55,21.9,55.8
2025-08-19,22:21:25,21.9,55.8
2025-08-19,22:21:55,21.9,55.8
2025-08-19,22:22:25,21.8,55.8
2025-08-19,22:22:55,21.9,55.8
2025-08-19,22:23:25,21.9,55.6
2025-08-19,22:23:55,21.9,55.7
2025-08-19,22:24:25,21.9,55.8
2025-08-19,22:24:55,21.9,55.7
2025-08-19,22:25:25,21.9,55.6
2025-08-19,22:25:55,22.0,55.6
2025-08-19,22:26:25,22.0,55.6
2025-08-19,22:26:55,22.0,55.5
2025-08-19,22:27:25,22.0,55.5
2025-08-19,22:27:55,21.9,55.5
2025-08-19,22:28:25,21.9,55.6
2025-08-19,22:28:55,22.0,55.5
2025-08-19,22:29:27,22.0,55.5
2025-08-19,22:29:55,22.0,55.5
2025-08-19,22:30:25,21.9,55.6
2025-08-19,22:30:55,21.9,55.6
2025-08-19,22:31:25,21.9,55.6
2025-08-19,22:31:55,22.0,55.6
2025-08-19,22:32:25,22.0,55.5
2025-08-19,22:32:55,21.9,55.5
2025-08-19,22:33:25,21.9,55.7
2025-08-19,22:33:55,21.8,55.8
2025-08-19,22:34:25,21.9,55.8
2025-08-19,22:34:55,21.9,55.8
2025-08-19,22:35:25,21.9,55.7
2025-08-19,22:35:55,21.9,55.6
2025-08-19,22:36:25,21.9,55.7
2025-08-19,22:36:55,21.9,55.6
2025-08-19,22:37:25,21.9,55.6
2025-08-19,22:37:55,22.0,55.6
2025-08-19,22:38:25,22.0,55.6
2025-08-19,22:38:55,22.0,55.5
2025-08-19,22:39:25,22.0,55.4
2025-08-19,22:39:55,22.1,55.3
2025-08-19,22:40:27,22.0,55.3
2025-08-19,22:40:55,22.0,55.3
2025-08-19,22:41:25,22.0,55.4
2025-08-19,22:41:55,22.0,55.4
2025-08-19,22:42:25,22.0,55.5
2025-08-19,22:42:55,21.9,55.6
2025-08-19,22:43:25,21.9,55.6
2025-08-19,22:43:55,21.8,55.7
2025-08-19,22:44:25,21.8,55.8
2025-08-19,22:44:55,21.9,55.7
2025-08-19,22:45:25,21.9,55.7
2025-08-19,22:45:55,21.9,55.7
2025-08-19,22:46:25,21.9,55.7
2025-08-19,22:46:55,21.9,55.6
2025-08-19,22:47:25,21.9,55.6
2025-08-19,22:47:55,22.0,55.5
2025-08-19,22:48:25,22.0,55.4
2025-08-19,22:48:55,22.0,55.4
2025-08-19,22:49:25,22.0,55.3
2025-08-19,22:49:55,22.0,55.4
2025-08-19,22:50:25,22.0,55.3
2025-08-19,22:50:55,22.0,55.3
2025-08-19,22:51:25,22.0,55.4
2025-08-19,22:51:55,22.0,55.4
2025-08-19,22:52:25,21.9,55.5
2025-08-19,22:52:55,21.9,55.7
2025-08-19,22:53:25,21.9,55.7
2025-08-19,22:53:55,21.9,55.6
2025-08-19,22:54:25,22.0,55.5
2025-08-19,22:54:55,22.0,55.4
2025-08-19,22:55:25,22.0,55.3
2025-08-19,22:55:55,22.0,55.3
2025-08-19,22:56:25,22.0,55.3
2025-08-19,22:56:55,22.0,55.3
2025-08-19,22:57:25,22.0,55.2
2025-08-19,22:57:55,22.0,55.3
2025-08-19,22:58:25,22.0,55.4
2025-08-19,22:58:55,21.9,55.5
2025-08-19,22:59:25,21.9,55.5
2025-08-19,22:59:55,21.9,55.6
2025-08-19,23:00:25,21.9,55.6
2025-08-19,23:00:55,21.9,55.6
2025-08-19,23:01:25,21.9,55.5
2025-08-19,23:01:55,21.9,55.6
2025-08-19,23:02:25,21.9,55.5
2025-08-19,23:02:55,22.0,55.5
2025-08-19,23:03:25,22.0,55.4
2025-08-19,23:03:55,22.0,55.3
2025-08-19,23:04:25,22.0,55.3
2025-08-19,23:04:55,22.0,55.2
2025-08-19,23:05:25,22.1,55.1
2025-08-19,23:05:55,22.1,55.1
2025-08-19,23:06:25,22.1,55.2
2025-08-19,23:06:55,22.0,55.2
2025-08-19,23:07:25,21.9,55.4
2025-08-19,23:07:55,21.9,55.5
2025-08-19,23:08:25,21.9,55.6
2025-08-19,23:08:55,21.9,55.6
2025-08-19,23:09:25,21.9,55.5
2025-08-19,23:09:55,21.9,55.5
2025-08-19,23:10:25,21.8,55.7
2025-08-19,23:10:55,21.8,55.8
2025-08-19,23:11:25,21.8,55.8
2025-08-19,23:11:55,21.8,55.8
2025-08-19,23:12:25,21.9,55.6
2025-08-19,23:12:55,21.9,55.6
2025-08-19,23:13:25,21.9,55.6
2025-08-19,23:13:55,21.9,55.5
2025-08-19,23:14:25,21.9,55.5
2025-08-19,23:14:55,22.0,55.4
2025-08-19,23:15:25,22.0,55.4
2025-08-19,23:15:55,21.9,55.5
2025-08-19,23:16:27,21.8,55.7
2025-08-19,23:16:55,21.8,55.7
2025-08-19,23:17:25,21.9,55.6
2025-08-19,23:17:55,21.9,55.6
2025-08-19,23:18:25,21.9,55.5
2025-08-19,23:18:55,21.9,55.5
2025-08-19,23:19:25,21.9,55.5
2025-08-19,23:19:55,21.9,55.6
2025-08-19,23:20:25,21.8,55.7
2025-08-19,23:20:55,21.8,55.8
2025-08-19,23:21:25,21.8,55.9
2025-08-19,23:21:55,21.8,55.9
2025-08-19,23:22:25,21.8,55.9
2025-08-19,23:22:55,21.8,55.9
2025-08-19,23:23:25,21.8,55.7
2025-08-19,23:23:55,21.9,55.6
2025-08-19,23:24:25,21.9,55.5
2025-08-19,23:24:55,21.9,55.5
2025-08-19,23:25:25,21.9,55.6
2025-08-19,23:25:55,21.8,55.6
2025-08-19,23:26:25,21.9,55.6
2025-08-19,23:26:55,21.9,55.6
2025-08-19,23:27:25,21.9,55.6
2025-08-19,23:27:55,21.9,55.5
2025-08-19,23:28:25,21.9,55.5
2025-08-19,23:28:55,22.0,55.4
2025-08-19,23:29:25,22.0,55.4
2025-08-19,23:29:55,21.9,55.4
2025-08-19,23:30:25,21.9,55.5
2025-08-19,23:30:55,21.9,55.5
2025-08-19,23:31:25,21.9,55.6
2025-08-19,23:31:55,21.9,55.5
2025-08-19,23:32:25,21.9,55.4
2025-08-19,23:32:55,21.9,55.5
2025-08-19,23:33:25,21.9,55.5
2025-08-19,23:33:55,21.9,55.4
2025-08-19,23:34:25,22.0,55.3
2025-08-19,23:34:55,22.0,55.3
2025-08-19,23:35:25,22.0,55.2
2025-08-19,23:35:55,22.0,55.2
2025-08-19,23:36:25,22.0,55.2
2025-08-19,23:36:55,22.0,55.2
2025-08-19,23:37:25,22.0,55.2
2025-08-19,23:37:55,22.0,55.2
2025-08-19,23:38:25,22.1,55.2
2025-08-19,23:38:55,22.1,55.1
2025-08-19,23:39:25,22.1,55.0
2025-08-19,23:39:55,22.1,55.1
2025-08-19,23:40:25,22.0,55.2
2025-08-19,23:40:55,21.9,55.4
2025-08-19,23:41:25,21.9,55.5
2025-08-19,23:41:55,21.9,55.6
2025-08-19,23:42:25,21.9,55.5
2025-08-19,23:42:55,21.9,55.4
2025-08-19,23:43:25,21.9,55.4
2025-08-19,23:43:55,22.0,55.4
2025-08-19,23:44:25,22.0,55.3
2025-08-19,23:44:55,22.0,55.3
2025-08-19,23:45:25,22.0,55.3
2025-08-19,23:45:55,21.9,55.4
2025-08-19,23:46:25,21.8,55.6
2025-08-19,23:46:55,21.9,55.6
2025-08-19,23:47:25,21.9,55.6
2025-08-19,23:47:55,21.9,55.6
2025-08-19,23:48:25,21.9,55.6
2025-08-19,23:48:55,22.0,55.4
2025-08-19,23:49:25,22.0,55.3
2025-08-19,23:49:55,21.9,55.5
2025-08-19,23:50:25,21.8,55.6
2025-08-19,23:50:55,21.8,55.7
2025-08-19,23:51:27,21.9,55.4
2025-08-19,23:51:55,22.0,55.4
2025-08-19,23:52:25,22.0,55.3
2025-08-19,23:52:55,21.9,55.4
2025-08-19,23:53:25,21.9,55.4
2025-08-19,23:53:55,21.8,55.6
2025-08-19,23:54:25,21.7,55.7
2025-08-19,23:54:55,21.7,55.8
2025-08-19,23:55:25,21.7,56.0
2025-08-19,23:55:55,21.7,56.1
2025-08-19,23:56:25,21.6,56.1
2025-08-19,23:56:55,21.7,56.0
2025-08-19,23:57:25,21.7,56.0
2025-08-19,23:57:55,21.8,55.9
2025-08-19,23:58:25,21.8,55.8
2025-08-19,23:58:55,21.8,55.7
2025-08-19,23:59:25,21.8,55.8
2025-08-19,23:59:55,21.8,55.8
