"# Sensor Name: external_sensor, Pin: 10, InfluxDB Org: thz_lab, InfluxDB Bucket: sensor_data"
date,time,temperature,humidity
2026-05-04,00:00:19,24.7,29.5
2026-05-04,00:00:51,24.7,29.4
2026-05-04,00:01:19,24.7,29.4
2026-05-04,00:01:49,24.7,29.4
2026-05-04,00:02:19,24.7,29.5
2026-05-04,00:02:49,24.6,29.5
2026-05-04,00:03:19,24.5,29.6
2026-05-04,00:03:49,24.4,29.7
2026-05-04,00:04:19,24.3,29.8
2026-05-04,00:04:49,24.2,29.8
2026-05-04,00:05:19,24.1,29.9
2026-05-04,00:05:49,24.0,30.1
2026-05-04,00:06:21,23.9,30.2
2026-05-04,00:06:51,23.8,30.2
2026-05-04,00:07:19,23.9,30.2
2026-05-04,00:07:49,23.8,30.3
2026-05-04,00:08:19,23.8,30.4
2026-05-04,00:08:49,23.7,30.4
2026-05-04,00:09:19,23.7,30.4
2026-05-04,00:09:49,23.6,30.5
2026-05-04,00:10:19,23.6,30.5
2026-05-04,00:10:49,23.6,30.5
2026-05-04,00:11:19,23.6,30.6
2026-05-04,00:11:49,23.6,30.6
2026-05-04,00:12:21,23.5,30.6
2026-05-04,00:12:49,23.5,30.6
2026-05-04,00:13:19,23.5,30.6
2026-05-04,00:13:49,23.5,30.6
2026-05-04,00:14:21,23.5,30.7
2026-05-04,00:14:49,23.5,30.7
2026-05-04,00:15:19,23.5,30.7
2026-05-04,00:15:49,23.5,30.7
2026-05-04,00:16:19,23.5,30.7
2026-05-04,00:16:49,23.5,30.7
2026-05-04,00:17:19,23.5,30.7
2026-05-04,00:17:49,23.5,30.7
2026-05-04,00:18:19,23.4,30.7
2026-05-04,00:18:49,23.4,30.7
2026-05-04,00:19:19,23.4,30.7
2026-05-04,00:19:49,23.4,30.8
2026-05-04,00:20:19,23.4,30.8
2026-05-04,00:20:49,23.4,30.8
2026-05-04,00:21:19,23.4,30.8
2026-05-04,00:21:49,23.4,30.8
2026-05-04,00:22:19,23.4,30.7
2026-05-04,00:22:49,23.4,30.8
2026-05-04,00:23:19,23.4,30.8
2026-05-04,00:23:49,23.4,30.8
2026-05-04,00:24:19,23.4,30.8
2026-05-04,00:24:49,23.4,30.8
2026-05-04,00:25:19,23.4,30.7
2026-05-04,00:25:49,23.4,30.8
2026-05-04,00:26:19,23.4,30.8
2026-05-04,00:26:49,23.4,30.8
2026-05-04,00:27:19,23.4,30.7
2026-05-04,00:27:49,23.5,30.8
2026-05-04,00:28:19,23.4,30.7
2026-05-04,00:28:49,23.4,30.7
2026-05-04,00:29:19,23.4,30.7
2026-05-04,00:29:49,23.4,30.8
2026-05-04,00:30:19,23.4,30.8
2026-05-04,00:30:49,23.4,30.8
2026-05-04,00:31:19,23.4,30.8
2026-05-04,00:31:49,23.4,30.8
2026-05-04,00:32:19,23.4,30.8
2026-05-04,00:32:49,23.4,30.8
2026-05-04,00:33:19,23.4,30.8
2026-05-04,00:33:49,23.4,30.8
2026-05-04,00:34:19,23.4,30.7
2026-05-04,00:34:49,23.4,30.8
2026-05-04,00:35:19,23.4,30.8
2026-05-04,00:35:49,23.4,30.8
2026-05-04,00:36:21,23.4,30.8
2026-05-04,00:36:49,23.5,30.7
2026-05-04,00:37:19,23.5,30.7
2026-05-04,00:37:49,23.5,30.7
2026-05-04,00:38:19,23.4,30.8
2026-05-04,00:38:49,23.5,30.7
2026-05-04,00:39:19,23.4,30.8
2026-05-04,00:39:49,23.4,30.7
2026-05-04,00:40:19,23.4,30.7
2026-05-04,00:40:49,23.4,30.8
2026-05-04,00:41:19,23.4,30.8
2026-05-04,00:41:49,23.4,30.8
2026-05-04,00:42:19,23.5,30.7
2026-05-04,00:42:49,23.5,30.8
2026-05-04,00:43:19,23.5,30.7
2026-05-04,00:43:49,23.5,30.7
2026-05-04,00:44:19,23.5,30.7
2026-05-04,00:44:49,23.5,30.7
2026-05-04,00:45:19,23.5,30.7
2026-05-04,00:45:49,23.5,30.8
2026-05-04,00:46:19,23.4,30.8
2026-05-04,00:46:49,23.4,30.8
2026-05-04,00:47:19,23.4,30.7
2026-05-04,00:47:49,23.5,30.8
2026-05-04,00:48:19,23.4,30.7
2026-05-04,00:48:49,23.5,30.8
2026-05-04,00:49:19,23.5,30.8
2026-05-04,00:49:49,23.5,30.7
2026-05-04,00:50:19,23.5,30.7
2026-05-04,00:50:49,23.5,30.7
2026-05-04,00:51:19,23.5,30.7
2026-05-04,00:51:49,23.5,30.7
2026-05-04,00:52:19,23.5,30.7
2026-05-04,00:52:49,23.5,30.7
2026-05-04,00:53:19,23.5,30.7
2026-05-04,00:53:49,23.5,30.7
2026-05-04,00:54:19,23.5,30.7
2026-05-04,00:54:49,23.5,30.6
2026-05-04,00:55:19,23.6,30.6
2026-05-04,00:55:49,23.6,30.6
2026-05-04,00:56:19,23.7,30.5
2026-05-04,00:56:49,23.8,30.4
2026-05-04,00:57:19,23.9,30.3
2026-05-04,00:57:49,24.0,30.2
2026-05-04,00:58:19,24.1,30.1
2026-05-04,00:58:49,24.2,30.1
2026-05-04,00:59:21,24.4,29.8
2026-05-04,00:59:49,24.4,29.8
2026-05-04,01:00:19,24.5,29.7
2026-05-04,01:00:49,24.5,29.7
2026-05-04,01:01:19,24.5,29.6
2026-05-04,01:01:51,24.5,29.6
2026-05-04,01:02:19,24.5,29.6
2026-05-04,01:02:49,24.6,29.5
2026-05-04,01:03:19,24.7,29.4
2026-05-04,01:03:49,24.7,29.4
2026-05-04,01:04:19,24.7,29.4
2026-05-04,01:04:49,24.7,29.3
2026-05-04,01:05:19,24.6,29.4
2026-05-04,01:05:51,24.6,29.5
2026-05-04,01:06:19,24.6,29.5
2026-05-04,01:06:49,24.6,29.5
2026-05-04,01:07:19,24.5,29.5
2026-05-04,01:07:49,24.4,29.6
2026-05-04,01:08:19,24.3,29.7
2026-05-04,01:08:49,24.2,29.8
2026-05-04,01:09:19,24.1,30.0
2026-05-04,01:09:49,24.0,30.0
2026-05-04,01:10:19,24.0,30.1
2026-05-04,01:10:49,23.9,30.1
2026-05-04,01:11:19,23.9,30.2
2026-05-04,01:11:49,23.8,30.3
2026-05-04,01:12:19,23.8,30.3
2026-05-04,01:12:49,23.7,30.4
2026-05-04,01:13:19,23.7,30.4
2026-05-04,01:13:49,23.6,30.5
2026-05-04,01:14:19,23.6,30.5
2026-05-04,01:14:49,23.6,30.5
2026-05-04,01:15:19,23.6,30.6
2026-05-04,01:15:49,23.5,30.6
2026-05-04,01:16:19,23.5,30.6
2026-05-04,01:16:49,23.5,30.6
2026-05-04,01:17:19,23.5,30.6
2026-05-04,01:17:49,23.5,30.7
2026-05-04,01:18:19,23.5,30.6
2026-05-04,01:18:49,23.5,30.6
2026-05-04,01:19:19,23.5,30.6
2026-05-04,01:19:49,23.5,30.6
2026-05-04,01:20:19,23.5,30.6
2026-05-04,01:20:49,23.5,30.7
2026-05-04,01:21:19,23.5,30.7
2026-05-04,01:21:49,23.5,30.7
2026-05-04,01:22:19,23.5,30.7
2026-05-04,01:22:49,23.4,30.7
2026-05-04,01:23:19,23.4,30.7
2026-05-04,01:23:49,23.5,30.7
2026-05-04,01:24:19,23.5,30.7
2026-05-04,01:24:49,23.5,30.7
2026-05-04,01:25:19,23.5,30.7
2026-05-04,01:25:49,23.5,30.7
2026-05-04,01:26:19,23.5,30.7
2026-05-04,01:26:51,23.5,30.7
2026-05-04,01:27:19,23.5,30.7
2026-05-04,01:27:51,23.4,30.7
2026-05-04,01:28:19,23.5,30.7
2026-05-04,01:28:49,23.4,30.8
2026-05-04,01:29:19,23.4,30.7
2026-05-04,01:29:49,23.4,30.8
2026-05-04,01:30:19,23.4,30.8
2026-05-04,01:30:49,23.4,30.7
2026-05-04,01:31:19,23.4,30.7
2026-05-04,01:31:49,23.4,30.7
2026-05-04,01:32:19,23.4,30.7
2026-05-04,01:32:49,23.4,30.8
2026-05-04,01:33:19,23.4,30.7
2026-05-04,01:33:49,23.4,30.8
2026-05-04,01:34:19,23.4,30.7
2026-05-04,01:34:49,23.4,30.8
2026-05-04,01:35:19,23.4,30.8
2026-05-04,01:35:49,23.4,30.8
2026-05-04,01:36:19,23.4,30.8
2026-05-04,01:36:51,23.4,30.8
2026-05-04,01:37:19,23.4,30.7
2026-05-04,01:37:49,23.4,30.8
2026-05-04,01:38:19,23.4,30.8
2026-05-04,01:38:49,23.4,30.8
2026-05-04,01:39:19,23.4,30.8
2026-05-04,01:39:51,23.4,30.8
2026-05-04,01:40:19,23.4,30.8
2026-05-04,01:40:49,23.4,30.8
2026-05-04,01:41:19,23.4,30.8
2026-05-04,01:41:49,23.4,30.8
2026-05-04,01:42:19,23.4,30.8
2026-05-04,01:42:49,23.4,30.8
2026-05-04,01:43:19,23.4,30.7
2026-05-04,01:43:49,23.4,30.8
2026-05-04,01:44:21,23.4,30.8
2026-05-04,01:44:51,23.4,30.8
2026-05-04,01:45:19,23.4,30.8
2026-05-04,01:45:49,23.4,30.8
2026-05-04,01:46:19,23.4,30.8
2026-05-04,01:46:49,23.4,30.8
2026-05-04,01:47:19,23.4,30.8
2026-05-04,01:47:49,23.4,30.7
2026-05-04,01:48:19,23.4,30.8
2026-05-04,01:48:49,23.4,30.8
2026-05-04,01:49:19,23.4,30.8
2026-05-04,01:49:49,23.4,30.7
2026-05-04,01:50:19,23.4,30.7
2026-05-04,01:50:49,23.4,30.8
2026-05-04,01:51:19,23.4,30.8
2026-05-04,01:51:49,23.4,30.7
2026-05-04,01:52:19,23.5,30.7
2026-05-04,01:52:49,23.5,30.7
2026-05-04,01:53:19,23.4,30.7
2026-05-04,01:53:49,23.5,30.7
2026-05-04,01:54:19,23.4,30.7
2026-05-04,01:54:49,23.4,30.7
2026-05-04,01:55:19,23.4,30.8
2026-05-04,01:55:51,23.4,30.8
2026-05-04,01:56:19,23.4,30.8
2026-05-04,01:56:49,23.4,30.8
2026-05-04,01:57:19,23.4,30.8
2026-05-04,01:57:49,23.4,30.8
2026-05-04,01:58:19,23.4,30.8
2026-05-04,01:58:49,23.4,30.8
2026-05-04,01:59:21,23.4,30.8
2026-05-04,01:59:49,23.4,30.8
2026-05-04,02:00:19,23.4,30.8
2026-05-04,02:00:49,23.4,30.8
2026-05-04,02:01:19,23.4,30.8
2026-05-04,02:01:49,23.4,30.8
2026-05-04,02:02:19,23.4,30.8
2026-05-04,02:02:49,23.4,30.8
2026-05-04,02:03:19,23.4,30.8
2026-05-04,02:03:49,23.4,30.8
2026-05-04,02:04:19,23.4,30.8
2026-05-04,02:04:49,23.4,30.8
2026-05-04,02:05:21,23.4,30.8
2026-05-04,02:05:49,23.4,30.8
2026-05-04,02:06:19,23.4,30.8
2026-05-04,02:06:49,23.4,30.8
2026-05-04,02:07:19,23.4,30.8
2026-05-04,02:07:49,23.4,30.8
2026-05-04,02:08:19,23.4,30.8
2026-05-04,02:08:49,23.4,30.8
2026-05-04,02:09:19,23.5,30.7
2026-05-04,02:09:49,23.5,30.7
2026-05-04,02:10:19,23.5,30.6
2026-05-04,02:10:49,23.6,30.6
2026-05-04,02:11:19,23.6,30.6
2026-05-04,02:11:49,23.6,30.6
2026-05-04,02:12:19,23.6,30.6
2026-05-04,02:12:49,23.6,30.6
2026-05-04,02:13:19,23.6,30.7
2026-05-04,02:13:49,23.6,30.6
2026-05-04,02:14:19,23.5,30.7
2026-05-04,02:14:49,23.5,30.7
2026-05-04,02:15:19,23.5,30.7
2026-05-04,02:15:49,23.5,30.7
2026-05-04,02:16:19,23.5,30.7
2026-05-04,02:16:49,23.5,30.7
2026-05-04,02:17:19,23.4,30.8
2026-05-04,02:17:49,23.4,30.8
2026-05-04,02:18:19,23.4,30.8
2026-05-04,02:18:51,23.4,30.7
2026-05-04,02:19:19,23.4,30.8
2026-05-04,02:19:51,23.4,30.8
2026-05-04,02:20:19,23.4,30.8
2026-05-04,02:20:49,23.4,30.8
2026-05-04,02:21:19,23.4,30.7
2026-05-04,02:21:49,23.4,30.8
2026-05-04,02:22:19,23.4,30.8
2026-05-04,02:22:49,23.4,30.8
2026-05-04,02:23:19,23.4,30.8
2026-05-04,02:23:49,23.4,30.8
2026-05-04,02:24:21,23.4,30.8
2026-05-04,02:24:49,23.4,30.8
2026-05-04,02:25:19,23.4,30.8
2026-05-04,02:25:49,23.4,30.8
2026-05-04,02:26:19,23.4,30.9
2026-05-04,02:26:49,23.4,30.8
2026-05-04,02:27:19,23.4,30.8
2026-05-04,02:27:49,23.4,30.8
2026-05-04,02:28:19,23.4,30.8
2026-05-04,02:28:49,23.4,30.8
2026-05-04,02:29:19,23.4,30.8
2026-05-04,02:29:49,23.4,30.8
2026-05-04,02:30:19,23.4,30.8
2026-05-04,02:30:49,23.4,30.8
2026-05-04,02:31:21,23.4,30.8
2026-05-04,02:31:49,23.4,30.8
2026-05-04,02:32:19,23.4,30.8
2026-05-04,02:32:49,23.4,30.8
2026-05-04,02:33:19,23.4,30.8
2026-05-04,02:33:49,23.5,30.8
2026-05-04,02:34:19,23.5,30.7
2026-05-04,02:34:49,23.6,30.7
2026-05-04,02:35:19,23.6,30.7
2026-05-04,02:35:49,23.4,30.8
2026-05-04,02:36:19,23.2,31.0
2026-05-04,02:36:49,23.0,31.2
2026-05-04,02:37:19,22.8,31.4
2026-05-04,02:37:49,22.6,31.6
2026-05-04,02:38:21,22.7,31.7
2026-05-04,02:38:49,22.7,31.7
2026-05-04,02:39:19,22.7,31.7
2026-05-04,02:39:49,22.8,31.6
2026-05-04,02:40:19,22.8,31.5
2026-05-04,02:40:49,22.9,31.5
2026-05-04,02:41:19,22.9,31.4
2026-05-04,02:41:49,22.9,31.4
2026-05-04,02:42:19,22.9,31.4
2026-05-04,02:42:49,23.0,31.3
2026-05-04,02:43:19,23.0,31.3
2026-05-04,02:43:49,23.0,31.3
2026-05-04,02:44:19,23.1,31.3
2026-05-04,02:44:49,23.1,31.2
2026-05-04,02:45:19,23.1,31.2
2026-05-04,02:45:49,23.1,31.1
2026-05-04,02:46:19,23.2,31.1
2026-05-04,02:46:49,23.2,31.1
2026-05-04,02:47:19,23.2,31.1
2026-05-04,02:47:49,23.2,31.1
2026-05-04,02:48:19,23.2,31.1
2026-05-04,02:48:49,23.2,31.1
2026-05-04,02:49:19,23.2,31.1
2026-05-04,02:49:49,23.2,31.0
2026-05-04,02:50:19,23.3,31.0
2026-05-04,02:50:49,23.3,31.0
2026-05-04,02:51:19,23.3,31.0
2026-05-04,02:51:49,23.3,31.0
2026-05-04,02:52:19,23.3,31.0
2026-05-04,02:52:49,23.3,31.0
2026-05-04,02:53:19,23.3,31.0
2026-05-04,02:53:49,23.3,30.9
2026-05-04,02:54:19,23.3,31.0
2026-05-04,02:54:49,23.4,31.0
2026-05-04,02:55:19,23.4,30.9
2026-05-04,02:55:49,23.4,30.9
2026-05-04,02:56:19,23.4,30.9
2026-05-04,02:56:49,23.4,30.9
2026-05-04,02:57:19,23.4,30.9
2026-05-04,02:57:49,23.4,30.9
2026-05-04,02:58:19,23.4,30.9
2026-05-04,02:58:49,23.4,30.9
2026-05-04,02:59:19,23.4,30.9
2026-05-04,02:59:49,23.4,30.8
2026-05-04,03:00:19,23.4,30.9
2026-05-04,03:00:49,23.4,30.9
2026-05-04,03:01:19,23.4,30.9
2026-05-04,03:01:49,23.4,30.8
2026-05-04,03:02:19,23.4,30.8
2026-05-04,03:02:49,23.4,30.8
2026-05-04,03:03:19,23.4,30.9
2026-05-04,03:03:49,23.4,30.9
2026-05-04,03:04:19,23.4,30.9
2026-05-04,03:04:49,23.4,30.9
2026-05-04,03:05:19,23.4,30.8
2026-05-04,03:05:49,23.4,30.8
2026-05-04,03:06:19,23.4,30.8
2026-05-04,03:06:49,23.4,30.8
2026-05-04,03:07:19,23.4,30.8
2026-05-04,03:07:49,23.4,30.8
2026-05-04,03:08:19,23.4,30.9
2026-05-04,03:08:49,23.4,30.8
2026-05-04,03:09:19,23.4,30.8
2026-05-04,03:09:49,23.4,30.8
2026-05-04,03:10:19,23.4,30.8
2026-05-04,03:10:49,23.4,30.8
2026-05-04,03:11:19,23.4,30.8
2026-05-04,03:11:49,23.4,30.8
2026-05-04,03:12:19,23.4,30.9
2026-05-04,03:12:49,23.4,30.9
2026-05-04,03:13:19,23.4,30.8
2026-05-04,03:13:49,23.4,30.8
2026-05-04,03:14:19,23.4,30.8
2026-05-04,03:14:49,23.4,30.9
2026-05-04,03:15:19,23.4,30.9
2026-05-04,03:15:51,23.4,30.9
2026-05-04,03:16:19,23.4,30.8
2026-05-04,03:16:49,23.4,30.9
2026-05-04,03:17:19,23.4,30.9
2026-05-04,03:17:49,23.4,30.9
2026-05-04,03:18:19,23.4,30.9
2026-05-04,03:18:49,23.4,30.9
2026-05-04,03:19:19,23.4,30.9
2026-05-04,03:19:49,23.4,30.9
2026-05-04,03:20:19,23.4,30.9
2026-05-04,03:20:49,23.4,30.9
2026-05-04,03:21:19,23.4,30.9
2026-05-04,03:21:49,23.4,30.8
2026-05-04,03:22:19,23.4,30.8
2026-05-04,03:22:49,23.4,30.9
2026-05-04,03:23:21,23.4,30.9
2026-05-04,03:23:49,23.4,30.8
2026-05-04,03:24:19,23.4,30.9
2026-05-04,03:24:49,23.4,30.9
2026-05-04,03:25:19,23.4,30.8
2026-05-04,03:25:49,23.5,30.8
2026-05-04,03:26:19,23.5,30.8
2026-05-04,03:26:49,23.5,30.8
2026-05-04,03:27:19,23.5,30.8
2026-05-04,03:27:49,23.4,30.8
2026-05-04,03:28:19,23.4,30.8
2026-05-04,03:28:49,23.4,30.8
2026-05-04,03:29:21,23.4,30.8
2026-05-04,03:29:49,23.5,30.8
2026-05-04,03:30:19,23.4,30.8
2026-05-04,03:30:49,23.4,30.8
2026-05-04,03:31:19,23.4,30.8
2026-05-04,03:31:49,23.4,30.8
2026-05-04,03:32:19,23.4,30.8
2026-05-04,03:32:49,23.4,30.8
2026-05-04,03:33:19,23.4,30.8
2026-05-04,03:33:49,23.5,30.8
2026-05-04,03:34:19,23.4,30.8
2026-05-04,03:34:49,23.4,30.8
2026-05-04,03:35:19,23.4,30.8
2026-05-04,03:35:49,23.4,30.8
2026-05-04,03:36:19,23.4,30.8
2026-05-04,03:36:49,23.5,30.8
2026-05-04,03:37:19,23.5,30.9
2026-05-04,03:37:49,23.4,30.8
2026-05-04,03:38:19,23.5,30.9
2026-05-04,03:38:49,23.5,30.8
2026-05-04,03:39:19,23.4,30.8
2026-05-04,03:39:49,23.4,30.8
2026-05-04,03:40:19,23.4,30.8
2026-05-04,03:40:49,23.4,30.9
2026-05-04,03:41:19,23.4,30.9
2026-05-04,03:41:49,23.4,30.9
2026-05-04,03:42:19,23.4,30.9
2026-05-04,03:42:49,23.4,30.8
2026-05-04,03:43:19,23.4,30.8
2026-05-04,03:43:49,23.4,30.8
2026-05-04,03:44:19,23.4,30.9
2026-05-04,03:44:49,23.4,30.9
2026-05-04,03:45:19,23.4,30.9
2026-05-04,03:45:49,23.4,30.9
2026-05-04,03:46:19,23.4,30.9
2026-05-04,03:46:49,23.4,30.9
2026-05-04,03:47:19,23.4,30.8
2026-05-04,03:47:49,23.4,30.9
2026-05-04,03:48:19,23.4,30.8
2026-05-04,03:48:49,23.4,30.9
2026-05-04,03:49:19,23.4,30.9
2026-05-04,03:49:49,23.4,30.9
2026-05-04,03:50:19,23.4,30.9
2026-05-04,03:50:49,23.4,30.9
2026-05-04,03:51:19,23.4,30.8
2026-05-04,03:51:49,23.5,30.8
2026-05-04,03:52:19,23.4,30.9
2026-05-04,03:52:49,23.5,30.8
2026-05-04,03:53:19,23.5,30.8
2026-05-04,03:53:49,23.5,30.8
2026-05-04,03:54:19,23.5,30.8
2026-05-04,03:54:51,23.4,30.8
2026-05-04,03:55:19,23.4,30.8
2026-05-04,03:55:49,23.4,30.8
2026-05-04,03:56:19,23.5,30.8
2026-05-04,03:56:49,23.5,30.8
2026-05-04,03:57:19,23.4,30.8
2026-05-04,03:57:49,23.5,30.8
2026-05-04,03:58:19,23.4,30.8
2026-05-04,03:58:49,23.4,30.9
2026-05-04,03:59:19,23.4,30.8
2026-05-04,03:59:49,23.4,30.8
2026-05-04,04:00:21,23.4,30.8
2026-05-04,04:00:49,23.4,30.8
2026-05-04,04:01:19,23.5,30.8
2026-05-04,04:01:49,23.5,30.8
2026-05-04,04:02:19,23.5,30.8
2026-05-04,04:02:49,23.5,30.8
2026-05-04,04:03:21,23.5,30.8
2026-05-04,04:03:49,23.5,30.8
2026-05-04,04:04:19,23.5,30.8
2026-05-04,04:04:49,23.4,30.8
2026-05-04,04:05:19,23.5,30.8
2026-05-04,04:05:49,23.5,30.8
2026-05-04,04:06:19,23.5,30.8
2026-05-04,04:06:49,23.5,30.9
2026-05-04,04:07:21,23.5,30.8
2026-05-04,04:07:49,23.6,30.7
2026-05-04,04:08:19,23.6,30.8
2026-05-04,04:08:49,23.6,30.7
2026-05-04,04:09:19,23.5,30.7
2026-05-04,04:09:49,23.5,30.8
2026-05-04,04:10:19,23.6,30.7
2026-05-04,04:10:51,23.5,30.7
2026-05-04,04:11:19,23.6,30.7
2026-05-04,04:11:49,23.5,30.7
2026-05-04,04:12:19,23.5,30.8
2026-05-04,04:12:49,23.5,30.7
2026-05-04,04:13:19,23.6,30.7
2026-05-04,04:13:49,23.6,30.7
2026-05-04,04:14:19,23.6,30.7
2026-05-04,04:14:49,23.6,30.7
2026-05-04,04:15:19,23.6,30.7
2026-05-04,04:15:49,23.6,30.6
2026-05-04,04:16:19,23.7,30.6
2026-05-04,04:16:49,23.8,30.5
2026-05-04,04:17:19,23.8,30.5
2026-05-04,04:17:49,23.9,30.4
2026-05-04,04:18:19,24.0,30.3
2026-05-04,04:18:49,24.0,30.2
2026-05-04,04:19:19,24.1,30.1
2026-05-04,04:19:49,24.2,30.1
2026-05-04,04:20:19,24.3,30.0
2026-05-04,04:20:49,24.3,30.0
2026-05-04,04:21:19,24.4,29.8
2026-05-04,04:21:49,24.5,29.8
2026-05-04,04:22:19,24.5,29.7
2026-05-04,04:22:49,24.5,29.7
2026-05-04,04:23:19,24.5,29.7
2026-05-04,04:23:49,24.5,29.7
2026-05-04,04:24:19,24.5,29.7
2026-05-04,04:24:49,24.5,29.7
2026-05-04,04:25:21,24.5,29.7
2026-05-04,04:25:49,24.5,29.7
2026-05-04,04:26:19,24.4,29.7
2026-05-04,04:26:49,24.3,29.8
2026-05-04,04:27:21,24.2,30.0
2026-05-04,04:27:49,24.2,30.0
2026-05-04,04:28:19,24.1,30.1
2026-05-04,04:28:49,24.0,30.2
2026-05-04,04:29:19,23.9,30.2
2026-05-04,04:29:49,23.9,30.3
2026-05-04,04:30:19,23.9,30.3
2026-05-04,04:30:49,23.8,30.4
2026-05-04,04:31:19,23.8,30.5
2026-05-04,04:31:49,23.7,30.5
2026-05-04,04:32:19,23.7,30.5
2026-05-04,04:32:49,23.6,30.6
2026-05-04,04:33:19,23.6,30.6
2026-05-04,04:33:49,23.6,30.6
2026-05-04,04:34:19,23.6,30.6
2026-05-04,04:34:49,23.6,30.7
2026-05-04,04:35:19,23.6,30.7
2026-05-04,04:35:49,23.5,30.7
2026-05-04,04:36:19,23.5,30.7
2026-05-04,04:36:49,23.5,30.7
2026-05-04,04:37:19,23.5,30.7
2026-05-04,04:37:51,23.5,30.8
2026-05-04,04:38:19,23.5,30.8
2026-05-04,04:38:49,23.5,30.8
2026-05-04,04:39:19,23.5,30.8
2026-05-04,04:39:51,23.5,30.8
2026-05-04,04:40:19,23.5,30.8
2026-05-04,04:40:49,23.5,30.8
2026-05-04,04:41:19,23.5,30.8
2026-05-04,04:41:49,23.5,30.8
2026-05-04,04:42:19,23.5,30.8
2026-05-04,04:42:49,23.5,30.8
2026-05-04,04:43:19,23.5,30.8
2026-05-04,04:43:49,23.5,30.8
2026-05-04,04:44:19,23.5,30.8
2026-05-04,04:44:49,23.4,30.8
2026-05-04,04:45:19,23.4,30.8
2026-05-04,04:45:49,23.4,30.9
2026-05-04,04:46:21,23.4,30.9
2026-05-04,04:46:49,23.4,30.9
2026-05-04,04:47:19,23.4,30.9
2026-05-04,04:47:49,23.4,30.9
2026-05-04,04:48:19,23.4,30.9
2026-05-04,04:48:51,23.4,30.9
2026-05-04,04:49:19,23.4,30.9
2026-05-04,04:49:49,23.4,30.9
2026-05-04,04:50:19,23.4,30.9
2026-05-04,04:50:49,23.4,30.9
2026-05-04,04:51:19,23.4,30.9
2026-05-04,04:51:49,23.4,30.9
2026-05-04,04:52:19,23.4,30.9
2026-05-04,04:52:49,23.4,30.9
2026-05-04,04:53:19,23.4,30.9
2026-05-04,04:53:49,23.4,30.9
2026-05-04,04:54:19,23.4,30.9
2026-05-04,04:54:49,23.4,30.9
2026-05-04,04:55:19,23.4,30.9
2026-05-04,04:55:49,23.4,30.9
2026-05-04,04:56:19,23.4,30.9
2026-05-04,04:56:49,23.4,30.9
2026-05-04,04:57:19,23.4,30.9
2026-05-04,04:57:49,23.4,30.9
2026-05-04,04:58:19,23.4,30.9
2026-05-04,04:58:51,23.4,30.9
2026-05-04,04:59:19,23.4,30.9
2026-05-04,04:59:49,23.4,30.9
2026-05-04,05:00:19,23.4,30.9
2026-05-04,05:00:49,23.4,30.9
2026-05-04,05:01:19,23.4,30.9
2026-05-04,05:01:49,23.4,30.9
2026-05-04,05:02:19,23.4,30.9
2026-05-04,05:02:49,23.4,30.9
2026-05-04,05:03:19,23.4,30.9
2026-05-04,05:03:49,23.4,30.9
2026-05-04,05:04:19,23.4,30.9
2026-05-04,05:04:49,23.4,30.9
2026-05-04,05:05:19,23.4,30.9
2026-05-04,05:05:49,23.4,30.9
2026-05-04,05:06:19,23.4,30.9
2026-05-04,05:06:49,23.4,30.9
2026-05-04,05:07:19,23.4,30.9
2026-05-04,05:07:51,23.4,30.9
2026-05-04,05:08:19,23.4,30.9
2026-05-04,05:08:49,23.4,30.9
2026-05-04,05:09:21,23.4,30.9
2026-05-04,05:09:49,23.4,30.9
2026-05-04,05:10:19,23.4,30.9
2026-05-04,05:10:49,23.4,30.9
2026-05-04,05:11:19,23.4,30.9
2026-05-04,05:11:49,23.4,30.9
2026-05-04,05:12:19,23.4,30.9
2026-05-04,05:12:49,23.4,30.9
2026-05-04,05:13:19,23.4,30.9
2026-05-04,05:13:49,23.4,30.9
2026-05-04,05:14:19,23.4,30.9
2026-05-04,05:14:51,23.4,30.9
2026-05-04,05:15:21,23.4,30.9
2026-05-04,05:15:49,23.5,30.8
2026-05-04,05:16:19,23.4,30.8
2026-05-04,05:16:49,23.4,30.9
2026-05-04,05:17:19,23.4,30.9
2026-05-04,05:17:49,23.4,30.9
2026-05-04,05:18:19,23.4,30.9
2026-05-04,05:18:49,23.4,30.9
2026-05-04,05:19:19,23.4,30.9
2026-05-04,05:19:49,23.4,30.9
2026-05-04,05:20:19,23.4,30.9
2026-05-04,05:20:49,23.4,30.9
2026-05-04,05:21:19,23.4,30.9
2026-05-04,05:21:49,23.4,30.9
2026-05-04,05:22:19,23.4,30.9
2026-05-04,05:22:49,23.4,30.9
2026-05-04,05:23:21,23.4,30.9
2026-05-04,05:23:51,23.4,30.9
2026-05-04,05:24:19,23.4,30.9
2026-05-04,05:24:49,23.4,30.9
2026-05-04,05:25:19,23.4,30.9
2026-05-04,05:25:49,23.4,30.9
2026-05-04,05:26:19,23.4,30.9
2026-05-04,05:26:49,23.4,30.9
2026-05-04,05:27:19,23.4,30.8
2026-05-04,05:27:49,23.4,30.9
2026-05-04,05:28:19,23.4,30.9
2026-05-04,05:28:49,23.4,30.9
2026-05-04,05:29:19,23.4,30.9
2026-05-04,05:29:49,23.4,30.9
2026-05-04,05:30:19,23.4,30.8
2026-05-04,05:30:49,23.4,30.9
2026-05-04,05:31:19,23.4,30.9
2026-05-04,05:31:49,23.4,30.9
2026-05-04,05:32:19,23.4,30.9
2026-05-04,05:32:49,23.4,30.9
2026-05-04,05:33:19,23.4,30.9
2026-05-04,05:33:49,23.4,30.9
2026-05-04,05:34:19,23.4,30.9
2026-05-04,05:34:49,23.4,30.9
2026-05-04,05:35:19,23.4,30.9
2026-05-04,05:35:49,23.4,30.9
2026-05-04,05:36:19,23.4,30.9
2026-05-04,05:36:49,23.4,30.9
2026-05-04,05:37:19,23.4,30.9
2026-05-04,05:37:49,23.4,30.9
2026-05-04,05:38:19,23.4,30.9
2026-05-04,05:38:49,23.4,30.9
2026-05-04,05:39:19,23.4,30.9
2026-05-04,05:39:49,23.4,30.9
2026-05-04,05:40:19,23.4,30.9
2026-05-04,05:40:49,23.4,30.9
2026-05-04,05:41:19,23.4,30.9
2026-05-04,05:41:49,23.4,30.8
2026-05-04,05:42:19,23.4,30.9
2026-05-04,05:42:49,23.4,30.9
2026-05-04,05:43:19,23.4,30.9
2026-05-04,05:43:49,23.4,30.9
2026-05-04,05:44:19,23.4,30.9
2026-05-04,05:44:49,23.4,30.9
2026-05-04,05:45:19,23.4,30.9
2026-05-04,05:45:49,23.4,30.9
2026-05-04,05:46:19,23.4,30.9
2026-05-04,05:46:49,23.4,30.9
2026-05-04,05:47:19,23.4,30.9
2026-05-04,05:47:49,23.4,30.9
2026-05-04,05:48:19,23.4,30.9
2026-05-04,05:48:49,23.4,30.9
2026-05-04,05:49:19,23.4,30.9
2026-05-04,05:49:49,23.4,30.9
2026-05-04,05:50:21,23.4,30.9
2026-05-04,05:50:49,23.4,30.8
2026-05-04,05:51:21,23.4,30.8
2026-05-04,05:51:49,23.4,30.9
2026-05-04,05:52:19,23.4,30.8
2026-05-04,05:52:49,23.4,30.9
2026-05-04,05:53:19,23.4,30.9
2026-05-04,05:53:49,23.4,30.9
2026-05-04,05:54:19,23.4,30.9
2026-05-04,05:54:49,23.4,30.9
2026-05-04,05:55:21,23.4,30.9
2026-05-04,05:55:49,23.4,30.8
2026-05-04,05:56:19,23.4,30.9
2026-05-04,05:56:49,23.4,30.8
2026-05-04,05:57:19,23.4,30.9
2026-05-04,05:57:49,23.4,30.8
2026-05-04,05:58:19,23.4,30.8
2026-05-04,05:58:51,23.4,30.9
2026-05-04,05:59:19,23.4,30.8
2026-05-04,05:59:49,23.4,30.8
2026-05-04,06:00:19,23.4,30.9
2026-05-04,06:00:51,23.4,30.8
2026-05-04,06:01:19,23.4,30.8
2026-05-04,06:01:49,23.4,30.9
2026-05-04,06:02:19,23.4,30.8
2026-05-04,06:02:49,23.4,30.9
2026-05-04,06:03:19,23.4,30.9
2026-05-04,06:03:49,23.4,30.9
2026-05-04,06:04:19,23.4,30.9
2026-05-04,06:04:49,23.4,30.9
2026-05-04,06:05:19,23.4,30.8
2026-05-04,06:05:49,23.4,30.8
2026-05-04,06:06:19,23.4,30.8
2026-05-04,06:06:51,23.4,30.9
2026-05-04,06:07:19,23.4,30.8
2026-05-04,06:07:49,23.4,30.8
2026-05-04,06:08:19,23.4,30.8
2026-05-04,06:08:51,23.4,30.8
2026-05-04,06:09:19,23.4,30.8
2026-05-04,06:09:49,23.4,30.8
2026-05-04,06:10:19,23.4,30.9
2026-05-04,06:10:49,23.4,30.9
2026-05-04,06:11:19,23.4,30.8
2026-05-04,06:11:49,23.4,30.9
2026-05-04,06:12:19,23.4,30.9
2026-05-04,06:12:49,23.4,30.8
2026-05-04,06:13:21,23.4,30.8
2026-05-04,06:13:49,23.4,30.8
2026-05-04,06:14:19,23.4,30.8
2026-05-04,06:14:49,23.4,30.8
2026-05-04,06:15:19,23.4,30.8
2026-05-04,06:15:49,23.4,30.8
2026-05-04,06:16:19,23.4,30.8
2026-05-04,06:16:49,23.4,30.8
2026-05-04,06:17:19,23.4,30.8
2026-05-04,06:17:49,23.4,30.8
2026-05-04,06:18:19,23.4,30.8
2026-05-04,06:18:49,23.4,30.8
2026-05-04,06:19:19,23.4,30.8
2026-05-04,06:19:49,23.4,30.8
2026-05-04,06:20:19,23.4,30.8
2026-05-04,06:20:49,23.4,30.8
2026-05-04,06:21:19,23.4,30.8
2026-05-04,06:21:49,23.4,30.8
2026-05-04,06:22:19,23.4,30.8
2026-05-04,06:22:49,23.4,30.8
2026-05-04,06:23:19,23.4,30.8
2026-05-04,06:23:49,23.4,30.8
2026-05-04,06:24:19,23.4,30.8
2026-05-04,06:24:49,23.4,30.8
2026-05-04,06:25:19,23.5,30.8
2026-05-04,06:25:49,23.4,30.8
2026-05-04,06:26:19,23.5,30.8
2026-05-04,06:26:49,23.4,30.8
2026-05-04,06:27:19,23.5,30.7
2026-05-04,06:27:49,23.5,30.7
2026-05-04,06:28:19,23.5,30.7
2026-05-04,06:28:49,23.5,30.7
2026-05-04,06:29:19,23.5,30.7
2026-05-04,06:29:49,23.5,30.7
2026-05-04,06:30:19,23.5,30.7
2026-05-04,06:30:49,23.5,30.7
2026-05-04,06:31:19,23.5,30.7
2026-05-04,06:31:49,23.5,30.8
2026-05-04,06:32:19,23.5,30.7
2026-05-04,06:32:49,23.4,30.8
2026-05-04,06:33:19,23.4,30.8
2026-05-04,06:33:49,23.4,30.8
2026-05-04,06:34:19,23.4,30.7
2026-05-04,06:34:49,23.4,30.8
2026-05-04,06:35:19,23.4,30.8
2026-05-04,06:35:49,23.4,30.8
2026-05-04,06:36:19,23.4,30.8
2026-05-04,06:36:49,23.4,30.8
2026-05-04,06:37:19,23.4,30.8
2026-05-04,06:37:49,23.4,30.8
2026-05-04,06:38:19,23.4,30.8
2026-05-04,06:38:49,23.4,30.8
2026-05-04,06:39:21,23.4,30.8
2026-05-04,06:39:49,23.4,30.8
2026-05-04,06:40:19,23.4,30.8
2026-05-04,06:40:49,23.4,30.8
2026-05-04,06:41:19,23.4,30.8
2026-05-04,06:41:49,23.4,30.8
2026-05-04,06:42:19,23.4,30.8
2026-05-04,06:42:49,23.4,30.8
2026-05-04,06:43:19,23.4,30.8
2026-05-04,06:43:49,23.4,30.8
2026-05-04,06:44:19,23.4,30.8
2026-05-04,06:44:49,23.4,30.8
2026-05-04,06:45:19,23.4,30.8
2026-05-04,06:45:51,23.4,30.8
2026-05-04,06:46:19,23.4,30.8
2026-05-04,06:46:51,23.4,30.8
2026-05-04,06:47:21,23.4,30.8
2026-05-04,06:47:49,23.4,30.8
2026-05-04,06:48:19,23.4,30.8
2026-05-04,06:48:49,23.4,30.8
2026-05-04,06:49:19,23.4,30.8
2026-05-04,06:49:49,23.4,30.8
2026-05-04,06:50:19,23.4,30.8
2026-05-04,06:50:49,23.4,30.8
2026-05-04,06:51:19,23.4,30.8
2026-05-04,06:51:49,23.4,30.8
2026-05-04,06:52:19,23.4,30.8
2026-05-04,06:52:51,23.4,30.8
2026-05-04,06:53:19,23.4,30.8
2026-05-04,06:53:49,23.4,30.7
2026-05-04,06:54:19,23.4,30.8
2026-05-04,06:54:49,23.4,30.8
2026-05-04,06:55:19,23.4,30.8
2026-05-04,06:55:49,23.4,30.8
2026-05-04,06:56:19,23.4,30.8
2026-05-04,06:56:49,23.4,30.8
2026-05-04,06:57:19,23.4,30.8
2026-05-04,06:57:51,23.4,30.8
2026-05-04,06:58:19,23.4,30.8
2026-05-04,06:58:49,23.4,30.8
2026-05-04,06:59:19,23.4,30.8
2026-05-04,06:59:49,23.4,30.8
2026-05-04,07:00:19,23.4,30.8
2026-05-04,07:00:49,23.4,30.8
2026-05-04,07:01:19,23.4,30.8
2026-05-04,07:01:49,23.4,30.8
2026-05-04,07:02:19,23.4,30.8
2026-05-04,07:02:49,23.4,30.8
2026-05-04,07:03:19,23.4,30.8
2026-05-04,07:03:49,23.4,30.8
2026-05-04,07:04:19,23.4,30.8
2026-05-04,07:04:49,23.4,30.8
2026-05-04,07:05:19,23.4,30.8
2026-05-04,07:05:49,23.4,30.8
2026-05-04,07:06:19,23.4,30.8
2026-05-04,07:06:49,23.4,30.8
2026-05-04,07:07:19,23.4,30.8
2026-05-04,07:07:49,23.4,30.8
2026-05-04,07:08:19,23.4,30.8
2026-05-04,07:08:49,23.4,30.8
2026-05-04,07:09:19,23.4,30.8
2026-05-04,07:09:53,23.4,30.8
2026-05-04,07:10:21,23.4,30.7
2026-05-04,07:10:49,23.4,30.8
2026-05-04,07:11:19,23.4,30.8
2026-05-04,07:11:49,23.4,30.7
2026-05-04,07:12:19,23.4,30.8
2026-05-04,07:12:49,23.4,30.8
2026-05-04,07:13:21,23.4,30.8
2026-05-04,07:13:49,23.4,30.8
2026-05-04,07:14:21,23.4,30.8
2026-05-04,07:14:49,23.4,30.7
2026-05-04,07:15:19,23.4,30.7
2026-05-04,07:15:49,23.4,30.8
2026-05-04,07:16:19,23.4,30.8
2026-05-04,07:16:51,23.4,30.8
2026-05-04,07:17:19,23.4,30.7
2026-05-04,07:17:49,23.4,30.8
2026-05-04,07:18:19,23.4,30.8
2026-05-04,07:18:49,23.4,30.8
2026-05-04,07:19:19,23.4,30.8
2026-05-04,07:19:49,23.4,30.8
2026-05-04,07:20:19,23.4,30.8
2026-05-04,07:20:49,23.4,30.8
2026-05-04,07:21:19,23.4,30.8
2026-05-04,07:21:49,23.4,30.8
2026-05-04,07:22:19,23.4,30.8
2026-05-04,07:22:49,23.4,30.8
2026-05-04,07:23:21,23.4,30.8
2026-05-04,07:23:49,23.4,30.8
2026-05-04,07:24:19,23.4,30.8
2026-05-04,07:24:49,23.4,30.8
2026-05-04,07:25:19,23.4,30.8
2026-05-04,07:25:49,23.4,30.8
2026-05-04,07:26:19,23.4,30.8
2026-05-04,07:26:49,23.4,30.8
2026-05-04,07:27:19,23.4,30.8
2026-05-04,07:27:49,23.4,30.8
2026-05-04,07:28:19,23.4,30.8
2026-05-04,07:28:49,23.4,30.8
2026-05-04,07:29:19,23.4,30.7
2026-05-04,07:29:49,23.4,30.8
2026-05-04,07:30:19,23.4,30.8
2026-05-04,07:30:49,23.4,30.8
2026-05-04,07:31:19,23.5,30.7
2026-05-04,07:31:49,23.5,30.7
2026-05-04,07:32:19,23.6,30.7
2026-05-04,07:32:49,23.7,30.6
2026-05-04,07:33:19,23.8,30.5
2026-05-04,07:33:49,23.8,30.4
2026-05-04,07:34:19,23.7,30.5
2026-05-04,07:34:49,23.5,30.7
2026-05-04,07:35:19,23.3,30.8
2026-05-04,07:35:49,23.1,31.1
2026-05-04,07:36:19,22.9,31.3
2026-05-04,07:36:51,22.7,31.5
2026-05-04,07:37:19,22.7,31.5
2026-05-04,07:37:49,22.8,31.5
2026-05-04,07:38:19,22.8,31.5
2026-05-04,07:38:49,22.8,31.5
2026-05-04,07:39:19,22.9,31.4
2026-05-04,07:39:49,22.9,31.4
2026-05-04,07:40:19,22.9,31.4
2026-05-04,07:40:51,23.0,31.3
2026-05-04,07:41:19,23.0,31.2
2026-05-04,07:41:49,23.1,31.2
2026-05-04,07:42:19,23.1,31.2
2026-05-04,07:42:49,23.1,31.1
2026-05-04,07:43:19,23.1,31.1
2026-05-04,07:43:49,23.2,31.1
2026-05-04,07:44:19,23.2,31.1
2026-05-04,07:44:49,23.2,31.0
2026-05-04,07:45:19,23.2,31.0
2026-05-04,07:45:49,23.3,31.0
2026-05-04,07:46:19,23.3,30.9
2026-05-04,07:46:49,23.3,30.9
2026-05-04,07:47:19,23.3,30.9
2026-05-04,07:47:49,23.3,30.9
2026-05-04,07:48:19,23.3,30.9
2026-05-04,07:48:49,23.3,30.9
2026-05-04,07:49:19,23.3,30.8
2026-05-04,07:49:49,23.3,30.9
2026-05-04,07:50:19,23.3,30.8
2026-05-04,07:50:49,23.3,30.8
2026-05-04,07:51:19,23.4,30.8
2026-05-04,07:51:49,23.4,30.8
2026-05-04,07:52:19,23.4,30.8
2026-05-04,07:52:49,23.4,30.8
2026-05-04,07:53:19,23.4,30.8
2026-05-04,07:53:49,23.4,30.8
2026-05-04,07:54:19,23.4,30.8
2026-05-04,07:54:49,23.4,30.8
2026-05-04,07:55:19,23.4,30.8
2026-05-04,07:55:49,23.4,30.8
2026-05-04,07:56:19,23.4,30.8
2026-05-04,07:56:49,23.4,30.8
2026-05-04,07:57:19,23.4,30.8
2026-05-04,07:57:49,23.4,30.8
2026-05-04,07:58:19,23.4,30.8
2026-05-04,07:58:49,23.4,30.8
2026-05-04,07:59:19,23.4,30.8
2026-05-04,07:59:49,23.4,30.8
2026-05-04,08:00:19,23.4,30.8
2026-05-04,08:00:49,23.4,30.8
2026-05-04,08:01:19,23.4,30.8
2026-05-04,08:01:49,23.4,30.8
2026-05-04,08:02:19,23.4,30.8
2026-05-04,08:02:51,23.4,30.8
2026-05-04,08:03:19,23.4,30.8
2026-05-04,08:03:49,23.4,30.8
2026-05-04,08:04:19,23.4,30.8
2026-05-04,08:04:49,23.4,30.7
2026-05-04,08:05:19,23.4,30.8
2026-05-04,08:05:49,23.4,30.8
2026-05-04,08:06:19,23.4,30.7
2026-05-04,08:06:49,23.4,30.8
2026-05-04,08:07:19,23.4,30.7
2026-05-04,08:07:49,23.4,30.8
2026-05-04,08:08:19,23.4,30.8
2026-05-04,08:08:49,23.4,30.7
2026-05-04,08:09:19,23.4,30.7
2026-05-04,08:09:49,23.4,30.8
2026-05-04,08:10:19,23.4,30.8
2026-05-04,08:10:49,23.4,30.8
2026-05-04,08:11:19,23.4,30.8
2026-05-04,08:11:49,23.4,30.7
2026-05-04,08:12:19,23.4,30.8
2026-05-04,08:12:49,23.4,30.8
2026-05-04,08:13:19,23.4,30.8
2026-05-04,08:13:49,23.4,30.8
2026-05-04,08:14:19,23.4,30.8
2026-05-04,08:14:49,23.4,30.8
2026-05-04,08:15:21,23.4,30.7
2026-05-04,08:15:49,23.4,30.8
2026-05-04,08:16:21,23.4,30.8
2026-05-04,08:16:49,23.4,30.7
2026-05-04,08:17:19,23.4,30.8
2026-05-04,08:17:51,23.4,30.8
2026-05-04,08:18:19,23.4,30.7
2026-05-04,08:18:49,23.4,30.8
2026-05-04,08:19:19,23.4,30.8
2026-05-04,08:19:49,23.4,30.8
2026-05-04,08:20:19,23.4,30.8
2026-05-04,08:20:49,23.4,30.8
2026-05-04,08:21:19,23.4,30.8
2026-05-04,08:21:49,23.4,30.8
2026-05-04,08:22:19,23.4,30.8
2026-05-04,08:22:49,23.4,30.8
2026-05-04,08:23:19,23.4,30.8
2026-05-04,08:23:49,23.4,30.8
2026-05-04,08:24:19,23.4,30.8
2026-05-04,08:24:49,23.4,30.8
2026-05-04,08:25:19,23.4,30.8
2026-05-04,08:25:49,23.4,30.8
2026-05-04,08:26:19,23.4,30.8
2026-05-04,08:26:49,23.4,30.8
2026-05-04,08:27:19,23.4,30.8
2026-05-04,08:27:49,23.4,30.8
2026-05-04,08:28:19,23.4,30.8
2026-05-04,08:28:49,23.4,30.7
2026-05-04,08:29:19,23.4,30.7
2026-05-04,08:29:49,23.4,30.7
2026-05-04,08:30:21,23.4,30.8
2026-05-04,08:30:49,23.4,30.8
2026-05-04,08:31:19,23.4,30.8
2026-05-04,08:31:49,23.4,30.8
2026-05-04,08:32:19,23.4,30.8
2026-05-04,08:32:49,23.4,30.8
2026-05-04,08:33:19,23.4,30.8
2026-05-04,08:33:49,23.4,30.8
2026-05-04,08:34:19,23.4,30.8
2026-05-04,08:34:49,23.4,30.8
2026-05-04,08:35:19,23.4,30.8
2026-05-04,08:35:49,23.4,30.8
2026-05-04,08:36:21,23.4,30.8
2026-05-04,08:36:49,23.4,30.7
2026-05-04,08:37:21,23.4,30.8
2026-05-04,08:37:49,23.4,30.8
2026-05-04,08:38:19,23.4,30.8
2026-05-04,08:38:49,23.4,30.8
2026-05-04,08:39:19,23.4,30.8
2026-05-04,08:39:49,23.4,30.8
2026-05-04,08:40:19,23.4,30.8
2026-05-04,08:40:49,23.4,30.8
2026-05-04,08:41:19,23.4,30.8
2026-05-04,08:41:49,23.4,30.8
2026-05-04,08:42:19,23.4,30.7
2026-05-04,08:42:49,23.4,30.7
2026-05-04,08:43:21,23.4,30.8
2026-05-04,08:43:49,23.5,30.8
2026-05-04,08:44:19,23.4,30.7
2026-05-04,08:44:49,23.4,30.8
2026-05-04,08:45:23,23.4,30.7
2026-05-04,08:45:51,23.4,30.7
2026-05-04,08:46:19,23.5,30.7
2026-05-04,08:46:49,23.4,30.8
2026-05-04,08:47:19,23.4,30.8
2026-05-04,08:47:49,23.4,30.8
2026-05-04,08:48:19,23.4,30.8
2026-05-04,08:48:49,23.4,30.8
2026-05-04,08:49:19,23.4,30.8
2026-05-04,08:49:49,23.4,30.8
2026-05-04,08:50:19,23.4,30.8
2026-05-04,08:50:49,23.4,30.8
2026-05-04,08:51:19,23.4,30.8
2026-05-04,08:51:49,23.4,30.8
2026-05-04,08:52:19,23.4,30.8
2026-05-04,08:52:49,23.4,30.8
2026-05-04,08:53:19,23.4,30.8
2026-05-04,08:53:49,23.4,30.8
2026-05-04,08:54:19,23.4,30.8
2026-05-04,08:54:49,23.4,30.8
2026-05-04,08:55:19,23.4,30.8
2026-05-04,08:55:49,23.4,30.8
2026-05-04,08:56:19,23.4,30.8
2026-05-04,08:56:49,23.4,30.8
2026-05-04,08:57:19,23.4,30.8
2026-05-04,08:57:49,23.4,30.8
2026-05-04,08:58:19,23.4,30.8
2026-05-04,08:58:49,23.4,30.8
2026-05-04,08:59:19,23.4,30.8
2026-05-04,08:59:49,23.4,30.8
2026-05-04,09:00:19,23.4,30.8
2026-05-04,09:00:49,23.4,30.8
2026-05-04,09:01:19,23.4,30.8
2026-05-04,09:01:49,23.4,30.8
2026-05-04,09:02:19,23.4,30.8
2026-05-04,09:02:49,23.4,30.8
2026-05-04,09:03:19,23.4,30.8
2026-05-04,09:03:49,23.4,30.8
2026-05-04,09:04:19,23.4,30.8
2026-05-04,09:04:49,23.4,30.8
2026-05-04,09:05:19,23.4,30.8
2026-05-04,09:05:49,23.4,30.8
2026-05-04,09:06:19,23.4,30.8
2026-05-04,09:06:49,23.4,30.8
2026-05-04,09:07:21,23.4,30.8
2026-05-04,09:07:51,23.4,30.8
2026-05-04,09:08:19,23.4,30.8
2026-05-04,09:08:49,23.4,30.8
2026-05-04,09:09:19,23.4,30.8
2026-05-04,09:09:49,23.4,30.8
2026-05-04,09:10:19,23.4,30.8
2026-05-04,09:10:49,23.4,30.8
2026-05-04,09:11:19,23.4,30.8
2026-05-04,09:11:49,23.4,30.8
2026-05-04,09:12:21,23.4,30.8
2026-05-04,09:12:49,23.4,30.8
2026-05-04,09:13:19,23.4,30.8
2026-05-04,09:13:49,23.4,30.8
2026-05-04,09:14:19,23.4,30.8
2026-05-04,09:14:49,23.4,30.8
2026-05-04,09:15:19,23.4,30.8
2026-05-04,09:15:49,23.4,30.8
2026-05-04,09:16:19,23.4,30.8
2026-05-04,09:16:49,23.4,30.8
2026-05-04,09:17:19,23.4,30.8
2026-05-04,09:17:49,23.4,30.8
2026-05-04,09:18:19,23.4,30.8
2026-05-04,09:18:49,23.4,30.8
2026-05-04,09:19:19,23.4,30.9
2026-05-04,09:19:49,23.4,30.8
2026-05-04,09:20:19,23.4,30.8
2026-05-04,09:20:49,23.4,30.8
2026-05-04,09:21:19,23.4,30.8
2026-05-04,09:21:49,23.5,30.8
2026-05-04,09:22:19,23.4,30.8
2026-05-04,09:22:49,23.5,30.8
2026-05-04,09:23:19,23.4,30.9
2026-05-04,09:23:49,23.4,30.9
2026-05-04,09:24:19,23.4,30.9
2026-05-04,09:24:49,23.4,30.8
2026-05-04,09:25:19,23.4,30.8
2026-05-04,09:25:49,23.4,30.9
2026-05-04,09:26:19,23.4,30.9
2026-05-04,09:26:49,23.4,30.9
2026-05-04,09:27:19,23.4,30.9
2026-05-04,09:27:49,23.4,30.9
2026-05-04,09:28:19,23.4,30.9
2026-05-04,09:28:49,23.4,30.9
2026-05-04,09:29:19,23.4,30.9
2026-05-04,09:29:49,23.4,30.9
2026-05-04,09:30:21,23.4,30.9
2026-05-04,09:30:49,23.4,30.9
2026-05-04,09:31:19,23.4,30.9
2026-05-04,09:31:49,23.4,30.9
2026-05-04,09:32:19,23.4,30.9
2026-05-04,09:32:49,23.4,30.9
2026-05-04,09:33:19,23.4,30.9
2026-05-04,09:33:49,23.4,30.9
2026-05-04,09:34:19,23.4,30.9
2026-05-04,09:34:49,23.4,30.9
2026-05-04,09:35:19,23.4,30.9
2026-05-04,09:35:49,23.4,31.0
2026-05-04,09:36:21,23.4,30.9
2026-05-04,09:36:49,23.4,30.9
2026-05-04,09:37:19,23.4,30.9
2026-05-04,09:37:49,23.4,31.0
2026-05-04,09:38:19,23.4,30.9
2026-05-04,09:38:49,23.4,31.0
2026-05-04,09:39:19,23.4,30.9
2026-05-04,09:39:49,23.4,31.0
2026-05-04,09:40:19,23.4,31.0
2026-05-04,09:40:49,23.4,30.9
2026-05-04,09:41:19,23.4,31.0
2026-05-04,09:41:49,23.4,31.0
2026-05-04,09:42:19,23.4,31.0
2026-05-04,09:42:49,23.4,31.0
2026-05-04,09:43:19,23.4,31.0
2026-05-04,09:43:49,23.4,31.0
2026-05-04,09:44:19,23.4,31.0
2026-05-04,09:44:49,23.4,31.0
2026-05-04,09:45:19,23.4,31.0
2026-05-04,09:45:49,23.5,30.9
2026-05-04,09:46:19,23.5,31.0
2026-05-04,09:46:49,23.4,30.9
2026-05-04,09:47:19,23.4,31.0
2026-05-04,09:47:49,23.5,31.0
2026-05-04,09:48:19,23.4,31.0
2026-05-04,09:48:49,23.4,31.0
2026-05-04,09:49:19,23.4,31.0
2026-05-04,09:49:49,23.4,31.0
2026-05-04,09:50:19,23.4,31.0
2026-05-04,09:50:49,23.4,31.0
2026-05-04,09:51:19,23.4,31.0
2026-05-04,09:51:49,23.4,31.0
2026-05-04,09:52:19,23.4,31.0
2026-05-04,09:52:49,23.4,31.0
2026-05-04,09:53:19,23.4,31.0
2026-05-04,09:53:49,23.4,31.0
2026-05-04,09:54:19,23.4,31.1
2026-05-04,09:54:49,23.4,31.1
2026-05-04,09:55:19,23.4,31.1
2026-05-04,09:55:49,23.4,31.0
2026-05-04,09:56:19,23.4,31.0
2026-05-04,09:56:49,23.4,31.0
2026-05-04,09:57:19,23.4,31.0
2026-05-04,09:57:49,23.4,31.1
2026-05-04,09:58:19,23.4,31.0
2026-05-04,09:58:49,23.4,31.0
2026-05-04,09:59:21,23.4,31.0
2026-05-04,09:59:49,23.4,31.0
2026-05-04,10:00:19,23.4,31.0
2026-05-04,10:00:51,23.4,31.1
2026-05-04,10:01:19,23.5,31.1
2026-05-04,10:01:49,23.4,31.1
2026-05-04,10:02:19,23.4,31.0
2026-05-04,10:02:49,23.4,31.1
2026-05-04,10:03:19,23.4,31.1
2026-05-04,10:03:49,23.4,31.0
2026-05-04,10:04:21,23.4,31.1
2026-05-04,10:04:49,23.4,31.0
2026-05-04,10:05:19,23.4,31.1
2026-05-04,10:05:49,23.4,31.1
2026-05-04,10:06:19,23.4,31.1
2026-05-04,10:06:49,23.4,31.1
2026-05-04,10:07:19,23.4,31.1
2026-05-04,10:07:49,23.4,31.1
2026-05-04,10:08:19,23.4,31.1
2026-05-04,10:08:49,23.4,31.1
2026-05-04,10:09:19,23.4,31.1
2026-05-04,10:09:51,23.4,31.1
2026-05-04,10:10:19,23.4,31.1
2026-05-04,10:10:49,23.4,31.1
2026-05-04,10:11:19,23.4,31.1
2026-05-04,10:11:49,23.4,31.1
2026-05-04,10:12:19,23.4,31.1
2026-05-04,10:12:49,23.4,31.1
2026-05-04,10:13:19,23.4,31.1
2026-05-04,10:13:49,23.4,31.1
2026-05-04,10:14:19,23.4,31.1
2026-05-04,10:14:49,23.4,31.1
2026-05-04,10:15:19,23.4,31.1
2026-05-04,10:15:49,23.4,31.1
2026-05-04,10:16:19,23.4,31.1
2026-05-04,10:16:49,23.4,31.1
2026-05-04,10:17:19,23.4,31.1
2026-05-04,10:17:49,23.4,31.1
2026-05-04,10:18:19,23.4,31.1
2026-05-04,10:18:49,23.4,31.1
2026-05-04,10:19:19,23.5,31.1
2026-05-04,10:19:49,23.4,31.1
2026-05-04,10:20:19,23.4,31.2
2026-05-04,10:20:49,23.4,31.2
2026-05-04,10:21:19,23.4,31.2
2026-05-04,10:21:49,23.4,31.1
2026-05-04,10:22:19,23.4,31.2
2026-05-04,10:22:49,23.4,31.1
2026-05-04,10:23:21,23.5,31.2
2026-05-04,10:23:49,23.5,31.1
2026-05-04,10:24:19,23.5,31.1
2026-05-04,10:24:49,23.5,31.1
2026-05-04,10:25:19,23.5,31.1
2026-05-04,10:25:49,23.5,31.1
2026-05-04,10:26:19,23.5,31.1
2026-05-04,10:26:49,23.5,31.1
2026-05-04,10:27:19,23.5,31.1
2026-05-04,10:27:49,23.5,31.1
2026-05-04,10:28:19,23.5,31.1
2026-05-04,10:28:49,23.5,31.1
2026-05-04,10:29:19,23.5,31.1
2026-05-04,10:29:49,23.5,31.2
2026-05-04,10:30:19,23.5,31.2
2026-05-04,10:30:51,23.5,31.2
2026-05-04,10:31:19,23.5,31.2
2026-05-04,10:31:49,23.5,31.2
2026-05-04,10:32:19,23.4,31.2
2026-05-04,10:32:49,23.4,31.2
2026-05-04,10:33:19,23.5,31.2
2026-05-04,10:33:49,23.4,31.2
2026-05-04,10:34:19,23.4,31.2
2026-05-04,10:34:49,23.4,31.2
2026-05-04,10:35:19,23.4,31.2
2026-05-04,10:35:49,23.5,31.2
2026-05-04,10:36:19,23.5,31.2
2026-05-04,10:36:49,23.4,31.2
2026-05-04,10:37:19,23.5,31.2
2026-05-04,10:37:51,23.6,31.1
2026-05-04,10:38:19,23.6,31.1
2026-05-04,10:38:49,23.7,31.1
2026-05-04,10:39:19,23.8,30.9
2026-05-04,10:39:49,23.8,30.9
2026-05-04,10:40:19,23.8,30.9
2026-05-04,10:40:49,23.8,30.9
2026-05-04,10:41:19,23.6,31.1
2026-05-04,10:41:49,23.4,31.3
2026-05-04,10:42:19,23.1,31.6
2026-05-04,10:42:49,23.0,31.7
2026-05-04,10:43:19,23.0,31.8
2026-05-04,10:43:49,23.0,31.8
2026-05-04,10:44:19,23.0,31.8
2026-05-04,10:44:49,23.0,31.8
2026-05-04,10:45:19,23.0,31.8
2026-05-04,10:45:49,23.1,31.8
2026-05-04,10:46:19,23.1,31.8
2026-05-04,10:46:49,23.1,31.7
2026-05-04,10:47:19,23.1,31.7
2026-05-04,10:47:49,23.1,31.7
2026-05-04,10:48:21,23.2,31.6
2026-05-04,10:48:49,23.2,31.6
2026-05-04,10:49:19,23.2,31.6
2026-05-04,10:49:49,23.2,31.6
2026-05-04,10:50:19,23.3,31.6
2026-05-04,10:50:49,23.3,31.6
2026-05-04,10:51:19,23.3,31.5
2026-05-04,10:51:49,23.3,31.5
2026-05-04,10:52:19,23.3,31.5
2026-05-04,10:52:49,23.3,31.5
2026-05-04,10:53:19,23.3,31.5
2026-05-04,10:53:49,23.3,31.5
2026-05-04,10:54:19,23.3,31.5
2026-05-04,10:54:49,23.4,31.5
2026-05-04,10:55:19,23.4,31.5
2026-05-04,10:55:49,23.4,31.5
2026-05-04,10:56:19,23.4,31.5
2026-05-04,10:56:49,23.4,31.5
2026-05-04,10:57:19,23.4,31.5
2026-05-04,10:57:49,23.4,31.5
2026-05-04,10:58:19,23.4,31.5
2026-05-04,10:58:49,23.4,31.5
2026-05-04,10:59:19,23.4,31.5
2026-05-04,10:59:49,23.4,31.5
2026-05-04,11:00:19,23.4,31.5
2026-05-04,11:00:49,23.4,31.5
2026-05-04,11:01:19,23.4,31.5
2026-05-04,11:01:51,23.4,31.5
2026-05-04,11:02:19,23.4,31.5
2026-05-04,11:02:49,23.4,31.5
2026-05-04,11:03:19,23.4,31.5
2026-05-04,11:03:49,23.4,31.5
2026-05-04,11:04:19,23.4,31.5
2026-05-04,11:04:49,23.4,31.5
2026-05-04,11:05:19,23.4,31.5
2026-05-04,11:05:49,23.4,31.5
2026-05-04,11:06:19,23.4,31.5
2026-05-04,11:06:49,23.4,31.4
2026-05-04,11:07:19,23.4,31.5
2026-05-04,11:07:49,23.4,31.5
2026-05-04,11:08:19,23.4,31.5
2026-05-04,11:08:51,23.4,31.5
2026-05-04,11:09:19,23.4,31.5
2026-05-04,11:09:49,23.4,31.5
2026-05-04,11:10:19,23.4,31.5
2026-05-04,11:10:49,23.4,31.5
2026-05-04,11:11:19,23.4,31.5
2026-05-04,11:11:49,23.4,31.5
2026-05-04,11:12:21,23.4,31.5
2026-05-04,11:12:49,23.4,31.5
2026-05-04,11:13:19,23.4,31.5
2026-05-04,11:13:49,23.4,31.5
2026-05-04,11:14:19,23.4,31.5
2026-05-04,11:14:49,23.4,31.5
2026-05-04,11:15:19,23.4,31.5
2026-05-04,11:15:49,23.4,31.5
2026-05-04,11:16:19,23.4,31.5
2026-05-04,11:16:49,23.4,31.5
2026-05-04,11:17:19,23.4,31.5
2026-05-04,11:17:49,23.4,31.5
2026-05-04,11:18:19,23.4,31.5
2026-05-04,11:18:49,23.4,31.5
2026-05-04,11:19:19,23.4,31.5
2026-05-04,11:19:49,23.4,31.5
2026-05-04,11:20:19,23.4,31.5
2026-05-04,11:20:49,23.5,31.5
2026-05-04,11:21:19,23.4,31.5
2026-05-04,11:21:49,23.4,31.5
2026-05-04,11:22:19,23.4,31.5
2026-05-04,11:22:51,23.4,31.5
2026-05-04,11:23:19,23.4,31.5
2026-05-04,11:23:49,23.4,31.5
2026-05-04,11:24:19,23.4,31.5
2026-05-04,11:24:49,23.4,31.5
2026-05-04,11:25:19,23.4,31.5
2026-05-04,11:25:49,23.4,31.5
2026-05-04,11:26:19,23.4,31.5
2026-05-04,11:26:51,23.4,31.5
2026-05-04,11:27:19,23.4,31.5
2026-05-04,11:27:49,23.4,31.5
2026-05-04,11:28:19,23.4,31.6
2026-05-04,11:28:49,23.4,31.5
2026-05-04,11:29:19,23.4,31.6
2026-05-04,11:29:49,23.4,31.6
2026-05-04,11:30:19,23.4,31.5
2026-05-04,11:30:49,23.4,31.5
2026-05-04,11:31:19,23.4,31.5
2026-05-04,11:31:49,23.4,31.5
2026-05-04,11:32:19,23.4,31.6
2026-05-04,11:32:49,23.4,31.5
2026-05-04,11:33:21,23.4,31.5
2026-05-04,11:33:53,23.4,31.6
2026-05-04,11:34:19,23.4,31.5
2026-05-04,11:34:49,23.4,31.6
2026-05-04,11:35:19,23.4,31.6
2026-05-04,11:35:49,23.4,31.6
2026-05-04,11:36:19,23.4,31.5
2026-05-04,11:36:49,23.4,31.6
2026-05-04,11:37:19,23.4,31.6
2026-05-04,11:37:49,23.4,31.6
2026-05-04,11:38:19,23.4,31.6
2026-05-04,11:38:49,23.4,31.6
2026-05-04,11:39:19,23.4,31.6
2026-05-04,11:39:49,23.4,31.6
2026-05-04,11:40:19,23.4,31.6
2026-05-04,11:40:49,23.4,31.6
2026-05-04,11:41:19,23.4,31.6
2026-05-04,11:41:51,23.4,31.7
2026-05-04,11:42:19,23.4,31.6
2026-05-04,11:42:49,23.4,31.6
2026-05-04,11:43:19,23.4,31.6
2026-05-04,11:43:49,23.4,31.6
2026-05-04,11:44:19,23.4,31.6
2026-05-04,11:44:49,23.4,31.7
2026-05-04,11:45:19,23.4,31.6
2026-05-04,11:45:49,23.4,31.6
2026-05-04,11:46:19,23.4,31.6
2026-05-04,11:46:49,23.5,31.6
2026-05-04,11:47:19,23.4,31.6
2026-05-04,11:47:49,23.4,31.6
2026-05-04,11:48:19,23.4,31.6
2026-05-04,11:48:49,23.4,31.6
2026-05-04,11:49:19,23.4,31.6
2026-05-04,11:49:49,23.4,31.7
2026-05-04,11:50:19,23.4,31.6
2026-05-04,11:50:49,23.4,31.7
2026-05-04,11:51:19,23.4,31.7
2026-05-04,11:51:49,23.4,31.7
2026-05-04,11:52:19,23.4,31.7
2026-05-04,11:52:49,23.4,31.7
2026-05-04,11:53:21,23.4,31.7
2026-05-04,11:53:49,23.4,31.7
2026-05-04,11:54:19,23.4,31.7
2026-05-04,11:54:49,23.4,31.7
2026-05-04,11:55:19,23.4,31.7
2026-05-04,11:55:49,23.4,31.7
2026-05-04,11:56:19,23.4,31.7
2026-05-04,11:56:49,23.4,31.7
2026-05-04,11:57:19,23.4,31.7
2026-05-04,11:57:49,23.4,31.7
2026-05-04,11:58:19,23.4,31.7
2026-05-04,11:58:49,23.4,31.7
2026-05-04,11:59:19,23.4,31.7
2026-05-04,11:59:49,23.4,31.7
2026-05-04,12:00:19,23.5,31.7
2026-05-04,12:00:49,23.4,31.7
2026-05-04,12:01:19,23.4,31.7
2026-05-04,12:01:49,23.5,31.7
2026-05-04,12:02:19,23.4,31.7
2026-05-04,12:02:49,23.4,31.7
2026-05-04,12:03:19,23.4,31.7
2026-05-04,12:03:49,23.4,31.7
2026-05-04,12:04:19,23.4,31.7
2026-05-04,12:04:49,23.4,31.7
2026-05-04,12:05:19,23.4,31.7
2026-05-04,12:05:49,23.4,31.7
2026-05-04,12:06:19,23.4,31.7
2026-05-04,12:06:49,23.4,31.7
2026-05-04,12:07:19,23.4,31.7
2026-05-04,12:07:49,23.4,31.7
2026-05-04,12:08:19,23.5,31.7
2026-05-04,12:08:49,23.4,31.7
2026-05-04,12:09:19,23.5,31.7
2026-05-04,12:09:49,23.4,31.8
2026-05-04,12:10:19,23.4,31.7
2026-05-04,12:10:49,23.4,31.7
2026-05-04,12:11:19,23.5,31.8
2026-05-04,12:11:49,23.5,31.7
2026-05-04,12:12:19,23.4,31.8
2026-05-04,12:12:49,23.5,31.8
2026-05-04,12:13:19,23.4,31.7
2026-05-04,12:13:49,23.5,31.8
2026-05-04,12:14:21,23.4,31.8
2026-05-04,12:14:49,23.5,31.8
2026-05-04,12:15:19,23.4,31.8
2026-05-04,12:15:49,23.5,31.8
2026-05-04,12:16:19,23.4,31.8
2026-05-04,12:16:49,23.4,31.8
2026-05-04,12:17:19,23.5,31.9
2026-05-04,12:17:49,23.4,31.8
2026-05-04,12:18:19,23.4,31.8
2026-05-04,12:18:49,23.4,31.8
2026-05-04,12:19:19,23.4,31.8
2026-05-04,12:19:49,23.4,31.8
2026-05-04,12:20:19,23.4,31.8
2026-05-04,12:20:49,23.4,31.8
2026-05-04,12:21:19,23.5,31.8
2026-05-04,12:21:49,23.5,31.8
2026-05-04,12:22:19,23.4,31.8
2026-05-04,12:22:49,23.5,31.9
2026-05-04,12:23:19,23.5,31.8
2026-05-04,12:23:49,23.5,31.8
2026-05-04,12:24:19,23.5,31.9
2026-05-04,12:24:49,23.5,31.8
2026-05-04,12:25:19,23.5,31.8
2026-05-04,12:25:49,23.5,31.8
2026-05-04,12:26:19,23.5,31.8
2026-05-04,12:26:49,23.5,31.9
2026-05-04,12:27:19,23.4,31.8
2026-05-04,12:27:51,23.4,31.9
2026-05-04,12:28:19,23.4,31.9
2026-05-04,12:28:49,23.4,31.9
2026-05-04,12:29:19,23.4,31.9
2026-05-04,12:29:49,23.4,32.0
2026-05-04,12:30:19,23.4,32.0
2026-05-04,12:30:49,23.4,31.9
2026-05-04,12:31:19,23.4,32.0
2026-05-04,12:31:51,23.4,31.9
2026-05-04,12:32:19,23.4,31.9
2026-05-04,12:32:49,23.4,32.0
2026-05-04,12:33:19,23.3,32.1
2026-05-04,12:33:49,23.1,32.3
2026-05-04,12:34:19,23.1,32.3
2026-05-04,12:34:49,23.0,32.4
2026-05-04,12:35:19,23.0,32.5
2026-05-04,12:35:49,23.0,32.5
2026-05-04,12:36:19,22.9,32.6
2026-05-04,12:36:49,23.0,32.5
2026-05-04,12:37:19,23.0,32.5
2026-05-04,12:37:49,23.0,32.5
2026-05-04,12:38:19,23.0,32.4
2026-05-04,12:38:49,23.0,32.5
2026-05-04,12:39:19,23.1,32.4
2026-05-04,12:39:49,23.1,32.4
2026-05-04,12:40:21,23.1,32.3
2026-05-04,12:40:49,23.1,32.4
2026-05-04,12:41:19,23.1,32.3
2026-05-04,12:41:49,23.1,32.4
2026-05-04,12:42:19,23.2,32.3
2026-05-04,12:42:49,23.2,32.2
2026-05-04,12:43:19,23.2,32.2
2026-05-04,12:43:49,23.2,32.2
2026-05-04,12:44:19,23.2,32.2
2026-05-04,12:44:49,23.3,32.2
2026-05-04,12:45:19,23.3,32.2
2026-05-04,12:45:49,23.3,32.2
2026-05-04,12:46:21,23.3,32.1
2026-05-04,12:46:49,23.3,32.1
2026-05-04,12:47:19,23.3,32.1
2026-05-04,12:47:49,23.3,32.1
2026-05-04,12:48:19,23.4,32.1
2026-05-04,12:48:49,23.4,32.1
2026-05-04,12:49:19,23.4,32.1
2026-05-04,12:49:49,23.4,32.1
2026-05-04,12:50:19,23.4,32.1
2026-05-04,12:50:49,23.4,32.1
2026-05-04,12:51:19,23.4,32.1
2026-05-04,12:51:49,23.4,32.1
2026-05-04,12:52:19,23.4,32.1
2026-05-04,12:52:49,23.4,32.1
2026-05-04,12:53:19,23.4,32.1
2026-05-04,12:53:49,23.4,32.1
2026-05-04,12:54:19,23.4,32.1
2026-05-04,12:54:49,23.4,32.1
2026-05-04,12:55:19,23.4,32.1
2026-05-04,12:55:49,23.4,32.1
2026-05-04,12:56:19,23.4,32.1
2026-05-04,12:56:49,23.4,32.1
2026-05-04,12:57:19,23.4,32.1
2026-05-04,12:57:49,23.4,32.1
2026-05-04,12:58:19,23.4,32.1
2026-05-04,12:58:49,23.4,32.1
2026-05-04,12:59:19,23.4,32.1
2026-05-04,12:59:51,23.4,32.1
2026-05-04,13:00:19,23.4,32.1
2026-05-04,13:00:49,23.4,32.1
2026-05-04,13:01:19,23.4,32.1
2026-05-04,13:01:49,23.4,32.1
2026-05-04,13:02:19,23.4,32.1
2026-05-04,13:02:49,23.4,32.1
2026-05-04,13:03:19,23.4,32.1
2026-05-04,13:03:49,23.5,32.0
2026-05-04,13:04:19,23.6,32.0
2026-05-04,13:04:49,23.6,31.9
2026-05-04,13:05:19,23.6,31.9
2026-05-04,13:05:49,23.6,31.9
2026-05-04,13:06:19,23.6,31.9
2026-05-04,13:06:49,23.6,31.9
2026-05-04,13:07:19,23.6,31.9
2026-05-04,13:07:49,23.6,32.0
2026-05-04,13:08:19,23.6,32.0
2026-05-04,13:08:49,23.5,32.0
2026-05-04,13:09:19,23.5,32.0
2026-05-04,13:09:49,23.5,32.1
2026-05-04,13:10:21,23.5,32.1
2026-05-04,13:10:49,23.5,32.1
2026-05-04,13:11:19,23.5,32.1
2026-05-04,13:11:49,23.5,32.1
2026-05-04,13:12:19,23.5,32.1
2026-05-04,13:12:51,23.5,32.1
2026-05-04,13:13:21,23.5,32.1
2026-05-04,13:13:49,23.5,32.1
2026-05-04,13:14:19,23.5,32.1
2026-05-04,13:14:49,23.4,32.1
2026-05-04,13:15:19,23.5,32.1
2026-05-04,13:15:49,23.4,32.2
2026-05-04,13:16:19,23.4,32.1
2026-05-04,13:16:49,23.4,32.2
2026-05-04,13:17:19,23.4,32.2
2026-05-04,13:17:49,23.4,32.2
2026-05-04,13:18:19,23.4,32.2
2026-05-04,13:18:49,23.4,32.2
2026-05-04,13:19:19,23.4,32.2
2026-05-04,13:19:49,23.4,32.2
2026-05-04,13:20:19,23.4,32.2
2026-05-04,13:20:49,23.4,32.2
2026-05-04,13:21:19,23.4,32.3
2026-05-04,13:21:49,23.4,32.2
2026-05-04,13:22:19,23.4,32.2
2026-05-04,13:22:49,23.4,32.2
2026-05-04,13:23:19,23.4,32.2
2026-05-04,13:23:49,23.4,32.2
2026-05-04,13:24:21,23.4,32.1
2026-05-04,13:24:49,23.4,32.2
2026-05-04,13:25:19,23.4,32.1
2026-05-04,13:25:49,23.4,32.2
2026-05-04,13:26:21,23.4,32.1
2026-05-04,13:26:49,23.5,32.1
2026-05-04,13:27:19,23.5,32.1
2026-05-04,13:27:49,23.4,32.1
2026-05-04,13:28:19,23.5,32.1
2026-05-04,13:28:49,23.4,32.2
2026-05-04,13:29:19,23.4,32.1
2026-05-04,13:29:49,23.4,32.1
2026-05-04,13:30:19,23.4,32.1
2026-05-04,13:30:49,23.4,32.1
2026-05-04,13:31:21,23.4,32.1
2026-05-04,13:31:49,23.4,32.1
2026-05-04,13:32:19,23.4,32.2
2026-05-04,13:32:49,23.5,32.1
2026-05-04,13:33:19,23.4,32.1
2026-05-04,13:33:49,23.4,32.1
2026-05-04,13:34:19,23.4,32.2
2026-05-04,13:34:49,23.4,32.2
2026-05-04,13:35:19,23.4,32.1
2026-05-04,13:35:49,23.5,32.1
2026-05-04,13:36:19,23.5,32.1
2026-05-04,13:36:49,23.4,32.1
2026-05-04,13:37:19,23.4,32.1
2026-05-04,13:37:49,23.4,32.1
2026-05-04,13:38:19,23.4,32.1
2026-05-04,13:38:49,23.4,32.1
2026-05-04,13:39:19,23.4,32.1
2026-05-04,13:39:49,23.5,32.1
2026-05-04,13:40:19,23.4,32.2
2026-05-04,13:40:49,23.4,32.1
2026-05-04,13:41:19,23.4,32.1
2026-05-04,13:41:53,23.4,32.1
2026-05-04,13:42:19,23.5,32.1
2026-05-04,13:42:49,23.4,32.1
2026-05-04,13:43:19,23.4,32.1
2026-05-04,13:43:49,23.4,32.1
2026-05-04,13:44:19,23.4,32.1
2026-05-04,13:44:49,23.4,32.1
2026-05-04,13:45:19,23.4,32.1
2026-05-04,13:45:49,23.4,32.1
2026-05-04,13:46:19,23.4,32.1
2026-05-04,13:46:49,23.5,32.1
2026-05-04,13:47:19,23.5,32.1
2026-05-04,13:47:49,23.5,32.1
2026-05-04,13:48:19,23.4,32.1
2026-05-04,13:48:49,23.5,32.1
2026-05-04,13:49:19,23.4,32.1
2026-05-04,13:49:49,23.5,32.1
2026-05-04,13:50:19,23.5,32.1
2026-05-04,13:50:49,23.5,32.1
2026-05-04,13:51:19,23.4,32.1
2026-05-04,13:51:49,23.4,32.1
2026-05-04,13:52:19,23.4,32.1
2026-05-04,13:52:51,23.4,32.1
2026-05-04,13:53:19,23.4,32.1
2026-05-04,13:53:53,23.4,32.1
2026-05-04,13:54:19,23.4,32.1
2026-05-04,13:54:49,23.4,32.2
2026-05-04,13:55:19,23.4,32.1
2026-05-04,13:55:49,23.4,32.1
2026-05-04,13:56:19,23.4,32.2
2026-05-04,13:56:49,23.4,32.2
2026-05-04,13:57:19,23.3,32.2
2026-05-04,13:57:49,23.3,32.3
2026-05-04,13:58:19,23.4,32.3
2026-05-04,13:58:49,23.4,32.3
2026-05-04,13:59:19,23.4,32.3
2026-05-04,13:59:49,23.3,32.3
2026-05-04,14:00:19,23.2,32.4
2026-05-04,14:00:49,23.2,32.5
2026-05-04,14:01:19,23.0,32.6
2026-05-04,14:01:49,23.0,32.7
2026-05-04,14:02:19,22.9,32.7
2026-05-04,14:02:49,22.9,32.8
2026-05-04,14:03:19,22.9,32.8
2026-05-04,14:03:49,22.9,32.8
2026-05-04,14:04:19,22.9,32.8
2026-05-04,14:04:49,22.9,32.8
2026-05-04,14:05:19,22.9,32.8
2026-05-04,14:05:49,23.0,32.7
2026-05-04,14:06:19,23.0,32.7
2026-05-04,14:06:49,23.0,32.7
2026-05-04,14:07:19,23.1,32.6
2026-05-04,14:07:49,23.1,32.6
2026-05-04,14:08:19,23.1,32.5
2026-05-04,14:08:49,23.2,32.5
2026-05-04,14:09:19,23.2,32.5
2026-05-04,14:09:49,23.2,32.4
2026-05-04,14:10:19,23.2,32.4
2026-05-04,14:10:49,23.2,32.4
2026-05-04,14:11:19,23.3,32.4
2026-05-04,14:11:49,23.3,32.3
2026-05-04,14:12:19,23.3,32.3
2026-05-04,14:12:49,23.3,32.3
2026-05-04,14:13:19,23.3,32.3
2026-05-04,14:13:49,23.3,32.2
2026-05-04,14:14:19,23.3,32.2
2026-05-04,14:14:49,23.4,32.2
2026-05-04,14:15:19,23.3,32.2
2026-05-04,14:15:49,23.4,32.2
2026-05-04,14:16:19,23.4,32.2
2026-05-04,14:16:49,23.3,32.2
2026-05-04,14:17:19,23.4,32.2
2026-05-04,14:17:49,23.4,32.2
2026-05-04,14:18:19,23.4,32.2
2026-05-04,14:18:49,23.4,32.2
2026-05-04,14:19:19,23.4,32.2
2026-05-04,14:19:49,23.4,32.1
2026-05-04,14:20:19,23.4,32.1
2026-05-04,14:20:49,23.4,32.2
2026-05-04,14:21:19,23.4,32.2
2026-05-04,14:21:49,23.4,32.1
2026-05-04,14:22:21,23.4,32.1
2026-05-04,14:22:49,23.4,32.1
2026-05-04,14:23:19,23.4,32.1
2026-05-04,14:23:49,23.4,32.1
2026-05-04,14:24:19,23.4,32.1
2026-05-04,14:24:49,23.4,32.1
2026-05-04,14:25:19,23.4,32.1
2026-05-04,14:25:49,23.4,32.1
2026-05-04,14:26:19,23.4,32.1
2026-05-04,14:26:49,23.4,32.1
2026-05-04,14:27:19,23.4,32.1
2026-05-04,14:27:49,23.4,32.1
2026-05-04,14:28:19,23.4,32.1
2026-05-04,14:28:49,23.4,32.1
2026-05-04,14:29:19,23.4,32.1
2026-05-04,14:29:51,23.4,32.1
2026-05-04,14:30:19,23.4,32.1
2026-05-04,14:30:49,23.4,32.1
2026-05-04,14:31:19,23.4,32.1
2026-05-04,14:31:49,23.4,32.1
2026-05-04,14:32:19,23.4,32.1
2026-05-04,14:32:49,23.4,32.1
2026-05-04,14:33:19,23.4,32.1
2026-05-04,14:33:49,23.4,32.1
2026-05-04,14:34:19,23.4,32.1
2026-05-04,14:34:49,23.4,32.1
2026-05-04,14:35:19,23.4,32.1
2026-05-04,14:35:49,23.4,32.1
2026-05-04,14:36:19,23.4,32.1
2026-05-04,14:36:49,23.4,32.1
2026-05-04,14:37:19,23.4,32.1
2026-05-04,14:37:49,23.4,32.1
2026-05-04,14:38:19,23.4,32.1
2026-05-04,14:38:49,23.4,32.1
2026-05-04,14:39:19,23.4,32.1
2026-05-04,14:39:49,23.4,32.1
2026-05-04,14:40:19,23.4,32.0
2026-05-04,14:40:51,23.4,32.1
2026-05-04,14:41:19,23.5,32.0
2026-05-04,14:41:49,23.4,32.0
2026-05-04,14:42:19,23.4,32.1
2026-05-04,14:42:49,23.4,32.1
2026-05-04,14:43:19,23.4,32.1
2026-05-04,14:43:51,23.4,32.1
2026-05-04,14:44:19,23.4,32.1
2026-05-04,14:44:49,23.4,32.1
2026-05-04,14:45:19,23.4,32.1
2026-05-04,14:45:49,23.5,32.1
2026-05-04,14:46:19,23.4,32.1
2026-05-04,14:46:49,23.4,32.1
2026-05-04,14:47:19,23.4,32.1
2026-05-04,14:47:49,23.4,32.1
2026-05-04,14:48:19,23.4,32.1
2026-05-04,14:48:49,23.4,32.1
2026-05-04,14:49:21,23.4,32.1
2026-05-04,14:49:49,23.5,32.1
2026-05-04,14:50:19,23.5,32.1
2026-05-04,14:50:49,23.4,32.1
2026-05-04,14:51:19,23.4,32.1
2026-05-04,14:51:49,23.5,32.1
2026-05-04,14:52:19,23.4,32.1
2026-05-04,14:52:49,23.4,32.1
2026-05-04,14:53:19,23.5,32.1
2026-05-04,14:53:49,23.5,32.1
2026-05-04,14:54:19,23.4,32.1
2026-05-04,14:54:49,23.4,32.1
2026-05-04,14:55:19,23.4,32.1
2026-05-04,14:55:49,23.4,32.1
2026-05-04,14:56:19,23.4,32.1
2026-05-04,14:56:51,23.4,32.1
2026-05-04,14:57:19,23.4,32.1
2026-05-04,14:57:49,23.4,32.1
2026-05-04,14:58:19,23.4,32.1
2026-05-04,14:58:49,23.4,32.1
2026-05-04,14:59:19,23.4,32.2
2026-05-04,14:59:49,23.4,32.2
2026-05-04,15:00:19,23.4,32.2
2026-05-04,15:00:49,23.4,32.2
2026-05-04,15:01:19,23.4,32.2
2026-05-04,15:01:49,23.4,32.2
2026-05-04,15:02:19,23.4,32.2
2026-05-04,15:02:49,23.4,32.1
2026-05-04,15:03:19,23.4,32.2
2026-05-04,15:03:49,23.5,32.2
2026-05-04,15:04:19,23.4,32.2
2026-05-04,15:04:49,23.4,32.2
2026-05-04,15:05:19,23.4,32.2
2026-05-04,15:05:49,23.4,32.2
2026-05-04,15:06:19,23.4,32.2
2026-05-04,15:06:49,23.4,32.1
2026-05-04,15:07:19,23.4,32.1
2026-05-04,15:07:49,23.4,32.1
2026-05-04,15:08:19,23.4,32.2
2026-05-04,15:08:49,23.5,32.2
2026-05-04,15:09:19,23.4,32.2
2026-05-04,15:09:49,23.4,32.1
2026-05-04,15:10:19,23.4,32.2
2026-05-04,15:10:49,23.4,32.2
2026-05-04,15:11:19,23.4,32.2
2026-05-04,15:11:49,23.5,32.2
2026-05-04,15:12:19,23.5,32.2
2026-05-04,15:12:49,23.5,32.2
2026-05-04,15:13:19,23.5,32.2
2026-05-04,15:13:49,23.4,32.2
2026-05-04,15:14:19,23.5,32.2
2026-05-04,15:14:51,23.4,32.2
2026-05-04,15:15:19,23.4,32.2
2026-05-04,15:15:49,23.4,32.2
2026-05-04,15:16:19,23.4,32.3
2026-05-04,15:16:49,23.4,32.3
2026-05-04,15:17:19,23.4,32.3
2026-05-04,15:17:49,23.4,32.3
2026-05-04,15:18:19,23.4,32.3
2026-05-04,15:18:49,23.4,32.3
2026-05-04,15:19:19,23.4,32.2
2026-05-04,15:19:49,23.4,32.3
2026-05-04,15:20:19,23.2,32.4
2026-05-04,15:20:49,23.1,32.5
2026-05-04,15:21:19,23.1,32.6
2026-05-04,15:21:49,23.1,32.6
2026-05-04,15:22:19,23.0,32.7
2026-05-04,15:22:49,23.0,32.7
2026-05-04,15:23:19,23.0,32.8
2026-05-04,15:23:51,22.9,32.8
2026-05-04,15:24:19,23.0,32.8
2026-05-04,15:24:49,23.0,32.8
2026-05-04,15:25:19,23.0,32.7
2026-05-04,15:25:49,23.1,32.7
2026-05-04,15:26:19,23.1,32.6
2026-05-04,15:26:49,23.1,32.6
2026-05-04,15:27:21,23.2,32.5
2026-05-04,15:27:49,23.2,32.5
2026-05-04,15:28:19,23.2,32.5
2026-05-04,15:28:49,23.2,32.5
2026-05-04,15:29:19,23.3,32.4
2026-05-04,15:29:49,23.3,32.4
2026-05-04,15:30:19,23.3,32.4
2026-05-04,15:30:49,23.3,32.4
2026-05-04,15:31:19,23.3,32.3
2026-05-04,15:31:49,23.3,32.3
2026-05-04,15:32:19,23.3,32.3
2026-05-04,15:32:49,23.4,32.3
2026-05-04,15:33:19,23.4,32.3
2026-05-04,15:33:49,23.3,32.3
2026-05-04,15:34:19,23.3,32.3
2026-05-04,15:34:49,23.4,32.3
2026-05-04,15:35:19,23.4,32.2
2026-05-04,15:35:49,23.4,32.2
2026-05-04,15:36:19,23.4,32.2
2026-05-04,15:36:49,23.4,32.2
2026-05-04,15:37:19,23.4,32.3
2026-05-04,15:37:49,23.4,32.2
2026-05-04,15:38:19,23.4,32.2
2026-05-04,15:38:49,23.4,32.2
2026-05-04,15:39:19,23.4,32.3
2026-05-04,15:39:49,23.4,32.2
2026-05-04,15:40:19,23.4,32.2
2026-05-04,15:40:49,23.4,32.2
2026-05-04,15:41:19,23.4,32.2
2026-05-04,15:41:49,23.4,32.2
2026-05-04,15:42:19,23.4,32.2
2026-05-04,15:42:49,23.4,32.2
2026-05-04,15:43:19,23.4,32.2
2026-05-04,15:43:49,23.4,32.2
2026-05-04,15:44:19,23.4,32.2
2026-05-04,15:44:49,23.4,32.2
2026-05-04,15:45:19,23.4,32.2
2026-05-04,15:45:49,23.4,32.2
2026-05-04,15:46:19,23.4,32.2
2026-05-04,15:46:49,23.4,32.2
2026-05-04,15:47:19,23.4,32.2
2026-05-04,15:47:49,23.4,32.2
2026-05-04,15:48:19,23.4,32.2
2026-05-04,15:48:49,23.4,32.2
2026-05-04,15:49:21,23.4,32.2
2026-05-04,15:49:49,23.4,32.2
2026-05-04,15:50:19,23.4,32.2
2026-05-04,15:50:49,23.4,32.2
2026-05-04,15:51:19,23.4,32.2
2026-05-04,15:51:49,23.4,32.2
2026-05-04,15:52:19,23.4,32.2
2026-05-04,15:52:49,23.4,32.2
2026-05-04,15:53:19,23.4,32.2
2026-05-04,15:53:49,23.4,32.2
2026-05-04,15:54:19,23.4,32.2
2026-05-04,15:54:49,23.4,32.2
2026-05-04,15:55:19,23.4,32.2
2026-05-04,15:55:49,23.4,32.2
2026-05-04,15:56:19,23.4,32.2
2026-05-04,15:56:49,23.4,32.2
2026-05-04,15:57:19,23.5,32.2
2026-05-04,15:57:51,23.4,32.2
2026-05-04,15:58:19,23.5,32.2
2026-05-04,15:58:49,23.5,32.2
2026-05-04,15:59:21,23.4,32.2
2026-05-04,15:59:49,23.5,32.2
2026-05-04,16:00:19,23.4,32.2
2026-05-04,16:00:49,23.4,32.2
2026-05-04,16:01:19,23.4,32.2
2026-05-04,16:01:49,23.4,32.2
2026-05-04,16:02:19,23.4,32.2
2026-05-04,16:02:51,23.4,32.2
2026-05-04,16:03:19,23.4,32.2
2026-05-04,16:03:49,23.4,32.2
2026-05-04,16:04:19,23.4,32.2
2026-05-04,16:04:49,23.4,32.2
2026-05-04,16:05:19,23.4,32.2
2026-05-04,16:05:49,23.4,32.2
2026-05-04,16:06:19,23.4,32.3
2026-05-04,16:06:49,23.4,32.2
2026-05-04,16:07:19,23.4,32.3
2026-05-04,16:07:49,23.4,32.3
2026-05-04,16:08:19,23.4,32.2
2026-05-04,16:08:49,23.4,32.3
2026-05-04,16:09:19,23.4,32.3
2026-05-04,16:09:49,23.4,32.3
2026-05-04,16:10:19,23.4,32.2
2026-05-04,16:10:49,23.5,32.2
2026-05-04,16:11:19,23.4,32.3
2026-05-04,16:11:49,23.4,32.2
2026-05-04,16:12:19,23.4,32.3
2026-05-04,16:12:49,23.4,32.2
2026-05-04,16:13:19,23.5,32.2
2026-05-04,16:13:49,23.4,32.2
2026-05-04,16:14:19,23.4,32.3
2026-05-04,16:14:51,23.4,32.3
2026-05-04,16:15:19,23.5,32.2
2026-05-04,16:15:49,23.4,32.3
2026-05-04,16:16:19,23.4,32.2
2026-05-04,16:16:49,23.4,32.3
2026-05-04,16:17:19,23.4,32.3
2026-05-04,16:17:49,23.4,32.3
2026-05-04,16:18:21,23.4,32.3
2026-05-04,16:18:49,23.5,32.3
2026-05-04,16:19:19,23.5,32.3
2026-05-04,16:19:49,23.4,32.3
2026-05-04,16:20:19,23.4,32.3
2026-05-04,16:20:49,23.4,32.3
2026-05-04,16:21:19,23.4,32.2
2026-05-04,16:21:49,23.4,32.3
2026-05-04,16:22:19,23.4,32.3
2026-05-04,16:22:49,23.4,32.2
2026-05-04,16:23:19,23.5,32.3
2026-05-04,16:23:49,23.5,32.2
2026-05-04,16:24:19,23.5,32.3
2026-05-04,16:24:49,23.5,32.3
2026-05-04,16:25:19,23.4,32.3
2026-05-04,16:25:49,23.4,32.3
2026-05-04,16:26:19,23.4,32.3
2026-05-04,16:26:49,23.5,32.3
2026-05-04,16:27:19,23.5,32.3
2026-05-04,16:27:49,23.5,32.3
2026-05-04,16:28:19,23.5,32.3
2026-05-04,16:28:51,23.5,32.2
2026-05-04,16:29:19,23.5,32.2
2026-05-04,16:29:51,23.2,32.5
2026-05-04,16:30:19,23.2,32.6
2026-05-04,16:30:49,23.0,32.8
2026-05-04,16:31:19,22.9,32.9
2026-05-04,16:31:49,22.9,32.9
2026-05-04,16:32:19,22.9,33.0
2026-05-04,16:32:49,22.9,33.0
2026-05-04,16:33:19,22.9,33.0
2026-05-04,16:33:49,22.9,32.9
2026-05-04,16:34:19,22.9,32.9
2026-05-04,16:34:49,22.9,32.9
2026-05-04,16:35:19,23.0,32.9
2026-05-04,16:35:49,23.0,32.8
2026-05-04,16:36:19,23.0,32.8
2026-05-04,16:36:49,23.1,32.7
2026-05-04,16:37:19,23.1,32.7
2026-05-04,16:37:49,23.2,32.6
2026-05-04,16:38:19,23.2,32.6
2026-05-04,16:38:49,23.2,32.5
2026-05-04,16:39:19,23.2,32.6
2026-05-04,16:39:49,23.2,32.5
2026-05-04,16:40:21,23.2,32.5
2026-05-04,16:40:49,23.3,32.5
2026-05-04,16:41:19,23.3,32.5
2026-05-04,16:41:49,23.3,32.4
2026-05-04,16:42:19,23.3,32.4
2026-05-04,16:42:49,23.3,32.4
2026-05-04,16:43:19,23.3,32.4
2026-05-04,16:43:49,23.3,32.4
2026-05-04,16:44:19,23.3,32.4
2026-05-04,16:44:49,23.3,32.4
2026-05-04,16:45:19,23.3,32.4
2026-05-04,16:45:49,23.4,32.4
2026-05-04,16:46:19,23.4,32.4
2026-05-04,16:46:49,23.4,32.4
2026-05-04,16:47:19,23.4,32.3
2026-05-04,16:47:51,23.4,32.3
2026-05-04,16:48:19,23.4,32.3
2026-05-04,16:48:49,23.4,32.3
2026-05-04,16:49:19,23.5,32.3
2026-05-04,16:49:49,23.5,32.2
2026-05-04,16:50:19,23.5,32.2
2026-05-04,16:50:49,23.5,32.2
2026-05-04,16:51:19,23.6,32.2
2026-05-04,16:51:49,23.6,32.1
2026-05-04,16:52:21,23.6,32.1
2026-05-04,16:52:49,23.6,32.1
2026-05-04,16:53:19,23.7,32.0
2026-05-04,16:53:49,23.7,32.0
2026-05-04,16:54:19,23.8,31.9
2026-05-04,16:54:49,23.9,31.8
2026-05-04,16:55:19,24.0,31.7
2026-05-04,16:55:51,24.1,31.6
2026-05-04,16:56:19,24.1,31.5
2026-05-04,16:56:49,24.1,31.5
2026-05-04,16:57:19,24.2,31.4
2026-05-04,16:57:49,24.3,31.3
2026-05-04,16:58:19,24.2,31.4
2026-05-04,16:58:49,24.3,31.3
2026-05-04,16:59:19,24.3,31.3
2026-05-04,16:59:49,24.2,31.3
2026-05-04,17:00:19,24.2,31.3
2026-05-04,17:00:49,24.2,31.3
2026-05-04,17:01:19,24.2,31.4
2026-05-04,17:01:49,24.2,31.4
2026-05-04,17:02:21,24.1,31.4
2026-05-04,17:02:49,24.1,31.4
2026-05-04,17:03:19,24.0,31.5
2026-05-04,17:03:49,24.0,31.6
2026-05-04,17:04:19,23.9,31.7
2026-05-04,17:04:49,23.9,31.7
2026-05-04,17:05:21,23.8,31.8
2026-05-04,17:05:51,23.8,32.0
2026-05-04,17:06:19,23.8,31.9
2026-05-04,17:06:49,23.7,32.0
2026-05-04,17:07:19,23.7,32.0
2026-05-04,17:07:49,23.7,32.1
2026-05-04,17:08:19,23.7,32.1
2026-05-04,17:08:49,23.6,32.2
2026-05-04,17:09:19,23.6,32.2
2026-05-04,17:09:49,23.6,32.2
2026-05-04,17:10:19,23.6,32.2
2026-05-04,17:10:49,23.5,32.2
2026-05-04,17:11:19,23.5,32.3
2026-05-04,17:11:49,23.5,32.3
2026-05-04,17:12:19,23.5,32.3
2026-05-04,17:12:51,23.5,32.3
2026-05-04,17:13:19,23.5,32.3
2026-05-04,17:13:49,23.5,32.3
2026-05-04,17:14:19,23.5,32.3
2026-05-04,17:14:49,23.5,32.3
2026-05-04,17:15:19,23.5,32.3
2026-05-04,17:15:51,23.5,32.3
2026-05-04,17:16:19,23.5,32.4
2026-05-04,17:16:49,23.5,32.4
2026-05-04,17:17:19,23.5,32.3
2026-05-04,17:17:49,23.5,32.4
2026-05-04,17:18:19,23.5,32.4
2026-05-04,17:18:49,23.5,32.4
2026-05-04,17:19:19,23.5,32.4
2026-05-04,17:19:49,23.5,32.4
2026-05-04,17:20:19,23.5,32.4
2026-05-04,17:20:49,23.5,32.4
2026-05-04,17:21:19,23.5,32.4
2026-05-04,17:21:49,23.5,32.4
2026-05-04,17:22:19,23.5,32.4
2026-05-04,17:22:49,23.5,32.4
2026-05-04,17:23:19,23.5,32.4
2026-05-04,17:23:49,23.4,32.4
2026-05-04,17:24:19,23.5,32.4
2026-05-04,17:24:49,23.5,32.4
2026-05-04,17:25:19,23.5,32.4
2026-05-04,17:25:49,23.5,32.4
2026-05-04,17:26:19,23.4,32.4
2026-05-04,17:26:49,23.5,32.4
2026-05-04,17:27:21,23.4,32.5
2026-05-04,17:27:49,23.4,32.5
2026-05-04,17:28:19,23.3,32.6
2026-05-04,17:28:49,23.3,32.6
2026-05-04,17:29:19,23.3,32.6
2026-05-04,17:29:49,23.3,32.6
2026-05-04,17:30:19,23.3,32.7
2026-05-04,17:30:49,23.3,32.7
2026-05-04,17:31:19,23.2,32.7
2026-05-04,17:31:49,23.1,32.8
2026-05-04,17:32:19,23.0,33.0
2026-05-04,17:32:49,22.9,33.1
2026-05-04,17:33:19,22.9,33.2
2026-05-04,17:33:51,22.9,33.2
2026-05-04,17:34:19,22.9,33.2
2026-05-04,17:34:49,22.9,33.1
2026-05-04,17:35:19,22.9,33.1
2026-05-04,17:35:49,23.0,33.1
2026-05-04,17:36:19,23.0,33.1
2026-05-04,17:36:49,23.0,33.1
2026-05-04,17:37:19,23.0,33.0
2026-05-04,17:37:49,23.0,33.0
2026-05-04,17:38:19,23.1,32.9
2026-05-04,17:38:49,23.1,32.9
2026-05-04,17:39:19,23.1,32.9
2026-05-04,17:39:49,23.2,32.9
2026-05-04,17:40:19,23.2,32.8
2026-05-04,17:40:49,23.2,32.8
2026-05-04,17:41:19,23.2,32.8
2026-05-04,17:41:49,23.3,32.7
2026-05-04,17:42:19,23.3,32.7
2026-05-04,17:42:49,23.3,32.7
2026-05-04,17:43:19,23.3,32.7
2026-05-04,17:43:51,23.3,32.7
2026-05-04,17:44:19,23.3,32.7
2026-05-04,17:44:49,23.3,32.6
2026-05-04,17:45:19,23.3,32.7
2026-05-04,17:45:49,23.4,32.6
2026-05-04,17:46:19,23.4,32.6
2026-05-04,17:46:49,23.4,32.6
2026-05-04,17:47:19,23.4,32.6
2026-05-04,17:47:49,23.4,32.6
2026-05-04,17:48:19,23.4,32.6
2026-05-04,17:48:49,23.4,32.6
2026-05-04,17:49:19,23.4,32.6
2026-05-04,17:49:49,23.4,32.6
2026-05-04,17:50:19,23.4,32.6
2026-05-04,17:50:49,23.4,32.6
2026-05-04,17:51:21,23.4,32.6
2026-05-04,17:51:49,23.4,32.6
2026-05-04,17:52:19,23.4,32.5
2026-05-04,17:52:49,23.4,32.6
2026-05-04,17:53:19,23.4,32.6
2026-05-04,17:53:49,23.4,32.6
2026-05-04,17:54:21,23.4,32.6
2026-05-04,17:54:49,23.4,32.6
2026-05-04,17:55:19,23.4,32.6
2026-05-04,17:55:49,23.4,32.6
2026-05-04,17:56:19,23.4,32.6
2026-05-04,17:56:49,23.4,32.6
2026-05-04,17:57:19,23.4,32.6
2026-05-04,17:57:49,23.4,32.6
2026-05-04,17:58:19,23.4,32.6
2026-05-04,17:58:49,23.4,32.6
2026-05-04,17:59:19,23.4,32.6
2026-05-04,17:59:49,23.4,32.6
2026-05-04,18:00:19,23.4,32.6
2026-05-04,18:00:49,23.4,32.6
2026-05-04,18:01:19,23.4,32.6
2026-05-04,18:01:49,23.4,32.6
2026-05-04,18:02:19,23.4,32.6
2026-05-04,18:02:49,23.4,32.6
2026-05-04,18:03:19,23.4,32.6
2026-05-04,18:03:49,23.4,32.6
2026-05-04,18:04:19,23.4,32.6
2026-05-04,18:04:49,23.4,32.6
2026-05-04,18:05:19,23.4,32.6
2026-05-04,18:05:53,23.4,32.6
2026-05-04,18:06:19,23.4,32.6
2026-05-04,18:06:49,23.4,32.6
2026-05-04,18:07:19,23.4,32.6
2026-05-04,18:07:49,23.4,32.6
2026-05-04,18:08:19,23.4,32.6
2026-05-04,18:08:49,23.4,32.5
2026-05-04,18:09:19,23.4,32.6
2026-05-04,18:09:49,23.5,32.6
2026-05-04,18:10:19,23.5,32.5
2026-05-04,18:10:49,23.5,32.6
2026-05-04,18:11:19,23.5,32.5
2026-05-04,18:11:49,23.5,32.5
2026-05-04,18:12:19,23.5,32.5
2026-05-04,18:12:49,23.5,32.5
2026-05-04,18:13:19,23.6,32.4
2026-05-04,18:13:49,23.6,32.4
2026-05-04,18:14:19,23.7,32.3
2026-05-04,18:14:49,23.8,32.2
2026-05-04,18:15:19,23.9,32.2
2026-05-04,18:15:49,23.9,32.1
2026-05-04,18:16:19,24.0,32.0
2026-05-04,18:16:49,24.1,31.9
2026-05-04,18:17:19,24.1,31.9
2026-05-04,18:17:49,24.1,31.8
2026-05-04,18:18:19,24.2,31.8
2026-05-04,18:18:49,24.2,31.7
2026-05-04,18:19:19,24.3,31.6
2026-05-04,18:19:49,24.3,31.6
2026-05-04,18:20:19,24.3,31.6
2026-05-04,18:20:49,24.3,31.6
2026-05-04,18:21:19,24.3,31.5
2026-05-04,18:21:49,24.3,31.6
2026-05-04,18:22:19,24.1,31.8
2026-05-04,18:22:49,24.0,31.9
2026-05-04,18:23:19,24.0,31.9
2026-05-04,18:23:49,24.0,32.0
2026-05-04,18:24:19,24.0,32.0
2026-05-04,18:24:49,24.0,32.0
2026-05-04,18:25:19,24.0,32.0
2026-05-04,18:25:49,23.9,32.0
2026-05-04,18:26:19,23.8,32.2
2026-05-04,18:26:49,23.6,32.4
2026-05-04,18:27:19,23.4,32.5
2026-05-04,18:27:49,23.4,32.6
2026-05-04,18:28:19,23.3,32.7
2026-05-04,18:28:49,23.2,32.8
2026-05-04,18:29:19,23.2,32.9
2026-05-04,18:29:49,23.2,32.9
2026-05-04,18:30:19,23.2,32.9
2026-05-04,18:30:49,23.2,33.0
2026-05-04,18:31:19,23.2,32.9
2026-05-04,18:31:49,23.2,32.9
2026-05-04,18:32:19,23.2,32.8
2026-05-04,18:32:49,23.2,32.8
2026-05-04,18:33:21,23.2,32.8
2026-05-04,18:33:49,23.3,32.8
2026-05-04,18:34:19,23.3,32.8
2026-05-04,18:34:49,23.3,32.8
2026-05-04,18:35:19,23.3,32.8
2026-05-04,18:35:49,23.3,32.7
2026-05-04,18:36:19,23.3,32.7
2026-05-04,18:36:49,23.3,32.7
2026-05-04,18:37:19,23.3,32.7
2026-05-04,18:37:49,23.3,32.7
2026-05-04,18:38:19,23.3,32.7
2026-05-04,18:38:49,23.3,32.7
2026-05-04,18:39:19,23.3,32.7
2026-05-04,18:39:49,23.3,32.7
2026-05-04,18:40:21,23.3,32.7
2026-05-04,18:40:49,23.4,32.7
2026-05-04,18:41:21,23.4,32.7
2026-05-04,18:41:51,23.4,32.7
2026-05-04,18:42:19,23.4,32.7
2026-05-04,18:42:49,23.4,32.7
2026-05-04,18:43:19,23.4,32.6
2026-05-04,18:43:49,23.4,32.6
2026-05-04,18:44:19,23.4,32.6
2026-05-04,18:44:49,23.4,32.7
2026-05-04,18:45:21,23.4,32.7
2026-05-04,18:45:49,23.4,32.7
2026-05-04,18:46:19,23.4,32.6
2026-05-04,18:46:49,23.4,32.7
2026-05-04,18:47:19,23.4,32.6
2026-05-04,18:47:49,23.4,32.6
2026-05-04,18:48:19,23.4,32.7
2026-05-04,18:48:49,23.4,32.7
2026-05-04,18:49:19,23.4,32.7
2026-05-04,18:49:49,23.4,32.6
2026-05-04,18:50:19,23.4,32.7
2026-05-04,18:50:49,23.4,32.6
2026-05-04,18:51:19,23.4,32.7
2026-05-04,18:51:49,23.4,32.7
2026-05-04,18:52:19,23.4,32.6
2026-05-04,18:52:49,23.4,32.7
2026-05-04,18:53:19,23.4,32.7
2026-05-04,18:53:49,23.4,32.7
2026-05-04,18:54:19,23.4,32.7
2026-05-04,18:54:49,23.4,32.7
2026-05-04,18:55:19,23.4,32.7
2026-05-04,18:55:49,23.4,32.7
2026-05-04,18:56:19,23.4,32.6
2026-05-04,18:56:49,23.4,32.6
2026-05-04,18:57:19,23.4,32.7
2026-05-04,18:57:49,23.4,32.7
2026-05-04,18:58:19,23.4,32.7
2026-05-04,18:58:49,23.4,32.7
2026-05-04,18:59:19,23.4,32.7
2026-05-04,18:59:49,23.4,32.7
2026-05-04,19:00:19,23.4,32.7
2026-05-04,19:00:49,23.4,32.7
2026-05-04,19:01:19,23.4,32.6
2026-05-04,19:01:49,23.4,32.7
2026-05-04,19:02:19,23.4,32.7
2026-05-04,19:02:51,23.4,32.7
2026-05-04,19:03:19,23.4,32.7
2026-05-04,19:03:49,23.4,32.7
2026-05-04,19:04:19,23.4,32.7
2026-05-04,19:04:49,23.4,32.7
2026-05-04,19:05:19,23.4,32.7
2026-05-04,19:05:49,23.4,32.7
2026-05-04,19:06:19,23.4,32.6
2026-05-04,19:06:49,23.4,32.6
2026-05-04,19:07:19,23.4,32.7
2026-05-04,19:07:49,23.4,32.6
2026-05-04,19:08:19,23.4,32.6
2026-05-04,19:08:49,23.4,32.6
2026-05-04,19:09:19,23.4,32.7
2026-05-04,19:09:49,23.4,32.6
2026-05-04,19:10:19,23.4,32.6
2026-05-04,19:10:51,23.5,32.6
2026-05-04,19:11:19,23.5,32.6
2026-05-04,19:11:49,23.5,32.6
2026-05-04,19:12:19,23.4,32.6
2026-05-04,19:12:49,23.5,32.6
2026-05-04,19:13:19,23.4,32.6
2026-05-04,19:13:49,23.5,32.6
2026-05-04,19:14:19,23.4,32.6
2026-05-04,19:14:49,23.5,32.6
2026-05-04,19:15:19,23.5,32.6
2026-05-04,19:15:49,23.5,32.6
2026-05-04,19:16:19,23.5,32.6
2026-05-04,19:16:49,23.4,32.6
2026-05-04,19:17:21,23.4,32.6
2026-05-04,19:17:49,23.5,32.6
2026-05-04,19:18:19,23.5,32.6
2026-05-04,19:18:49,23.5,32.6
2026-05-04,19:19:19,23.4,32.6
2026-05-04,19:19:49,23.4,32.6
2026-05-04,19:20:19,23.4,32.6
2026-05-04,19:20:49,23.4,32.6
2026-05-04,19:21:19,23.4,32.7
2026-05-04,19:21:49,23.4,32.6
2026-05-04,19:22:19,23.5,32.6
2026-05-04,19:22:49,23.5,32.5
2026-05-04,19:23:19,23.4,32.6
2026-05-04,19:23:49,23.2,32.8
2026-05-04,19:24:19,23.0,33.0
2026-05-04,19:24:49,22.9,33.1
2026-05-04,19:25:19,22.9,33.2
2026-05-04,19:25:49,22.9,33.2
2026-05-04,19:26:21,22.9,33.3
2026-05-04,19:26:49,22.9,33.2
2026-05-04,19:27:19,22.9,33.2
2026-05-04,19:27:49,22.9,33.2
2026-05-04,19:28:19,23.0,33.1
2026-05-04,19:28:49,23.0,33.1
2026-05-04,19:29:19,23.0,33.0
2026-05-04,19:29:49,23.1,33.0
2026-05-04,19:30:19,23.1,32.9
2026-05-04,19:30:49,23.1,32.9
2026-05-04,19:31:19,23.2,32.9
2026-05-04,19:31:51,23.2,32.8
2026-05-04,19:32:19,23.2,32.8
2026-05-04,19:32:49,23.2,32.8
2026-05-04,19:33:19,23.2,32.8
2026-05-04,19:33:49,23.3,32.8
2026-05-04,19:34:19,23.3,32.8
2026-05-04,19:34:49,23.3,32.7
2026-05-04,19:35:19,23.3,32.7
2026-05-04,19:35:49,23.3,32.7
2026-05-04,19:36:19,23.3,32.7
2026-05-04,19:36:49,23.3,32.6
2026-05-04,19:37:19,23.4,32.6
2026-05-04,19:37:49,23.4,32.6
2026-05-04,19:38:19,23.4,32.6
2026-05-04,19:38:49,23.3,32.6
2026-05-04,19:39:19,23.4,32.6
2026-05-04,19:39:51,23.4,32.6
2026-05-04,19:40:19,23.4,32.6
2026-05-04,19:40:49,23.4,32.6
2026-05-04,19:41:19,23.4,32.6
2026-05-04,19:41:49,23.4,32.6
2026-05-04,19:42:19,23.4,32.6
2026-05-04,19:42:49,23.4,32.6
2026-05-04,19:43:19,23.4,32.6
2026-05-04,19:43:49,23.4,32.5
2026-05-04,19:44:19,23.4,32.5
2026-05-04,19:44:49,23.4,32.6
2026-05-04,19:45:19,23.4,32.6
2026-05-04,19:45:49,23.4,32.5
2026-05-04,19:46:19,23.4,32.6
2026-05-04,19:46:49,23.4,32.5
2026-05-04,19:47:19,23.4,32.5
2026-05-04,19:47:49,23.4,32.5
2026-05-04,19:48:19,23.4,32.5
2026-05-04,19:48:49,23.4,32.5
2026-05-04,19:49:19,23.4,32.5
2026-05-04,19:49:49,23.4,32.5
2026-05-04,19:50:19,23.4,32.5
2026-05-04,19:50:49,23.4,32.5
2026-05-04,19:51:19,23.4,32.5
2026-05-04,19:51:49,23.4,32.5
2026-05-04,19:52:19,23.4,32.5
2026-05-04,19:52:49,23.4,32.5
2026-05-04,19:53:19,23.4,32.5
2026-05-04,19:53:51,23.4,32.5
2026-05-04,19:54:19,23.4,32.5
2026-05-04,19:54:49,23.4,32.5
2026-05-04,19:55:19,23.4,32.5
2026-05-04,19:55:49,23.4,32.5
2026-05-04,19:56:19,23.4,32.5
2026-05-04,19:56:49,23.4,32.4
2026-05-04,19:57:19,23.4,32.5
2026-05-04,19:57:49,23.4,32.5
2026-05-04,19:58:19,23.4,32.5
2026-05-04,19:58:49,23.4,32.5
2026-05-04,19:59:19,23.4,32.5
2026-05-04,19:59:49,23.4,32.5
2026-05-04,20:00:19,23.4,32.5
2026-05-04,20:00:51,23.4,32.5
2026-05-04,20:01:19,23.4,32.5
2026-05-04,20:01:49,23.4,32.5
2026-05-04,20:02:19,23.4,32.5
2026-05-04,20:02:49,23.4,32.5
2026-05-04,20:03:19,23.4,32.5
2026-05-04,20:03:49,23.4,32.5
2026-05-04,20:04:19,23.4,32.4
2026-05-04,20:04:49,23.4,32.4
2026-05-04,20:05:19,23.4,32.4
2026-05-04,20:05:49,23.4,32.4
2026-05-04,20:06:19,23.4,32.5
2026-05-04,20:06:49,23.4,32.4
2026-05-04,20:07:19,23.4,32.4
2026-05-04,20:07:51,23.3,32.6
2026-05-04,20:08:19,23.3,32.6
2026-05-04,20:08:49,23.3,32.6
2026-05-04,20:09:19,23.3,32.6
2026-05-04,20:09:49,23.3,32.7
2026-05-04,20:10:21,23.3,32.7
2026-05-04,20:10:49,23.3,32.6
2026-05-04,20:11:19,23.3,32.6
2026-05-04,20:11:49,23.2,32.7
2026-05-04,20:12:19,23.1,32.8
2026-05-04,20:12:49,23.0,32.9
2026-05-04,20:13:19,22.9,33.0
2026-05-04,20:13:49,22.8,33.1
2026-05-04,20:14:19,22.8,33.2
2026-05-04,20:14:49,22.8,33.2
2026-05-04,20:15:21,22.8,33.3
2026-05-04,20:15:49,22.8,33.2
2026-05-04,20:16:19,22.9,33.2
2026-05-04,20:16:49,22.9,33.1
2026-05-04,20:17:19,23.0,33.1
2026-05-04,20:17:49,23.0,33.1
2026-05-04,20:18:19,23.0,33.0
2026-05-04,20:18:49,23.1,32.9
2026-05-04,20:19:19,23.1,32.9
2026-05-04,20:19:49,23.1,32.9
2026-05-04,20:20:21,23.2,32.8
2026-05-04,20:20:49,23.2,32.8
2026-05-04,20:21:19,23.2,32.8
2026-05-04,20:21:49,23.2,32.8
2026-05-04,20:22:19,23.2,32.7
2026-05-04,20:22:49,23.2,32.7
2026-05-04,20:23:19,23.2,32.7
2026-05-04,20:23:51,23.3,32.7
2026-05-04,20:24:19,23.3,32.7
2026-05-04,20:24:49,23.3,32.6
2026-05-04,20:25:19,23.3,32.6
2026-05-04,20:25:49,23.3,32.6
2026-05-04,20:26:19,23.3,32.7
2026-05-04,20:26:49,23.3,32.6
2026-05-04,20:27:19,23.3,32.6
2026-05-04,20:27:49,23.3,32.6
2026-05-04,20:28:19,23.3,32.6
2026-05-04,20:28:49,23.3,32.6
2026-05-04,20:29:19,23.3,32.6
2026-05-04,20:29:51,23.4,32.5
2026-05-04,20:30:19,23.4,32.5
2026-05-04,20:30:49,23.4,32.5
2026-05-04,20:31:19,23.3,32.5
2026-05-04,20:31:51,23.3,32.5
2026-05-04,20:32:19,23.4,32.5
2026-05-04,20:32:49,23.4,32.5
2026-05-04,20:33:19,23.4,32.5
2026-05-04,20:33:49,23.4,32.5
2026-05-04,20:34:19,23.4,32.5
2026-05-04,20:34:49,23.4,32.5
2026-05-04,20:35:19,23.4,32.5
2026-05-04,20:35:49,23.4,32.5
2026-05-04,20:36:19,23.4,32.5
2026-05-04,20:36:49,23.4,32.5
2026-05-04,20:37:19,23.4,32.5
2026-05-04,20:37:49,23.4,32.5
2026-05-04,20:38:19,23.4,32.5
2026-05-04,20:38:49,23.4,32.5
2026-05-04,20:39:19,23.4,32.5
2026-05-04,20:39:49,23.4,32.5
2026-05-04,20:40:19,23.4,32.5
2026-05-04,20:40:49,23.4,32.5
2026-05-04,20:41:19,23.4,32.5
2026-05-04,20:41:49,23.4,32.5
2026-05-04,20:42:19,23.4,32.5
2026-05-04,20:42:49,23.4,32.5
2026-05-04,20:43:21,23.4,32.5
2026-05-04,20:43:49,23.4,32.5
2026-05-04,20:44:21,23.4,32.5
2026-05-04,20:44:49,23.4,32.5
2026-05-04,20:45:19,23.4,32.5
2026-05-04,20:45:49,23.4,32.5
2026-05-04,20:46:19,23.4,32.5
2026-05-04,20:46:49,23.4,32.5
2026-05-04,20:47:19,23.4,32.5
2026-05-04,20:47:49,23.4,32.5
2026-05-04,20:48:19,23.4,32.5
2026-05-04,20:48:49,23.4,32.5
2026-05-04,20:49:21,23.4,32.5
2026-05-04,20:49:49,23.4,32.5
2026-05-04,20:50:21,23.4,32.5
2026-05-04,20:50:49,23.4,32.5
2026-05-04,20:51:19,23.4,32.5
2026-05-04,20:51:49,23.4,32.5
2026-05-04,20:52:19,23.4,32.5
2026-05-04,20:52:49,23.4,32.5
2026-05-04,20:53:21,23.4,32.5
2026-05-04,20:53:49,23.4,32.5
2026-05-04,20:54:19,23.4,32.5
2026-05-04,20:54:49,23.4,32.5
2026-05-04,20:55:19,23.4,32.5
2026-05-04,20:55:49,23.4,32.5
2026-05-04,20:56:19,23.4,32.5
2026-05-04,20:56:49,23.4,32.5
2026-05-04,20:57:19,23.4,32.5
2026-05-04,20:57:49,23.4,32.5
2026-05-04,20:58:19,23.4,32.5
2026-05-04,20:58:49,23.4,32.5
2026-05-04,20:59:19,23.4,32.5
2026-05-04,20:59:49,23.4,32.5
2026-05-04,21:00:19,23.4,32.5
2026-05-04,21:00:49,23.4,32.5
2026-05-04,21:01:19,23.4,32.5
2026-05-04,21:01:49,23.4,32.5
2026-05-04,21:02:19,23.4,32.5
2026-05-04,21:02:49,23.4,32.5
2026-05-04,21:03:19,23.4,32.5
2026-05-04,21:03:49,23.4,32.6
2026-05-04,21:04:19,23.4,32.5
2026-05-04,21:04:49,23.4,32.5
2026-05-04,21:05:21,23.4,32.6
2026-05-04,21:05:49,23.4,32.6
2026-05-04,21:06:19,23.4,32.6
2026-05-04,21:06:49,23.4,32.6
2026-05-04,21:07:19,23.4,32.6
2026-05-04,21:07:49,23.4,32.6
2026-05-04,21:08:19,23.4,32.6
2026-05-04,21:08:49,23.3,32.6
2026-05-04,21:09:19,23.3,32.7
2026-05-04,21:09:49,23.1,32.8
2026-05-04,21:10:19,23.0,33.0
2026-05-04,21:10:49,23.0,33.0
2026-05-04,21:11:19,23.0,33.1
2026-05-04,21:11:49,23.0,33.1
2026-05-04,21:12:19,23.0,33.1
2026-05-04,21:12:49,23.0,33.0
2026-05-04,21:13:19,23.1,33.0
2026-05-04,21:13:49,23.1,32.9
2026-05-04,21:14:19,23.2,32.9
2026-05-04,21:14:49,23.2,32.8
2026-05-04,21:15:19,23.3,32.8
2026-05-04,21:15:49,23.4,32.7
2026-05-04,21:16:19,23.5,32.5
2026-05-04,21:16:49,23.7,32.3
2026-05-04,21:17:19,23.8,32.2
2026-05-04,21:17:49,23.9,32.1
2026-05-04,21:18:19,24.1,31.9
2026-05-04,21:18:49,24.2,31.7
2026-05-04,21:19:19,24.3,31.6
2026-05-04,21:19:49,24.4,31.5
2026-05-04,21:20:19,24.4,31.4
2026-05-04,21:20:49,24.5,31.3
2026-05-04,21:21:19,24.4,31.3
2026-05-04,21:21:49,24.4,31.4
2026-05-04,21:22:19,24.3,31.5
2026-05-04,21:22:49,24.2,31.6
2026-05-04,21:23:19,24.1,31.7
2026-05-04,21:23:49,24.0,31.8
2026-05-04,21:24:21,23.9,32.0
2026-05-04,21:24:49,23.9,31.9
2026-05-04,21:25:19,23.8,32.0
2026-05-04,21:25:49,23.8,32.1
2026-05-04,21:26:19,23.7,32.1
2026-05-04,21:26:49,23.7,32.2
2026-05-04,21:27:19,23.6,32.2
2026-05-04,21:27:49,23.6,32.3
2026-05-04,21:28:19,23.6,32.3
2026-05-04,21:28:49,23.6,32.4
2026-05-04,21:29:19,23.5,32.4
2026-05-04,21:29:49,23.5,32.4
2026-05-04,21:30:19,23.5,32.4
2026-05-04,21:30:49,23.5,32.4
2026-05-04,21:31:19,23.5,32.5
2026-05-04,21:31:49,23.5,32.5
2026-05-04,21:32:19,23.5,32.5
2026-05-04,21:32:49,23.4,32.5
2026-05-04,21:33:19,23.4,32.5
2026-05-04,21:33:49,23.4,32.5
2026-05-04,21:34:19,23.5,32.5
2026-05-04,21:34:49,23.4,32.5
2026-05-04,21:35:21,23.4,32.5
2026-05-04,21:35:49,23.4,32.5
2026-05-04,21:36:19,23.4,32.6
2026-05-04,21:36:49,23.4,32.6
2026-05-04,21:37:19,23.4,32.6
2026-05-04,21:37:49,23.4,32.5
2026-05-04,21:38:19,23.4,32.6
2026-05-04,21:38:49,23.4,32.6
2026-05-04,21:39:19,23.4,32.6
2026-05-04,21:39:49,23.4,32.6
2026-05-04,21:40:19,23.4,32.6
2026-05-04,21:40:49,23.4,32.6
2026-05-04,21:41:19,23.4,32.6
2026-05-04,21:41:49,23.4,32.6
2026-05-04,21:42:19,23.4,32.6
2026-05-04,21:42:49,23.4,32.6
2026-05-04,21:43:19,23.4,32.6
2026-05-04,21:43:49,23.4,32.6
2026-05-04,21:44:19,23.4,32.6
2026-05-04,21:44:51,23.4,32.6
2026-05-04,21:45:19,23.4,32.6
2026-05-04,21:45:53,23.4,32.6
2026-05-04,21:46:19,23.4,32.6
2026-05-04,21:46:49,23.4,32.6
2026-05-04,21:47:19,23.4,32.7
2026-05-04,21:47:49,23.4,32.6
2026-05-04,21:48:19,23.4,32.6
2026-05-04,21:48:49,23.4,32.6
2026-05-04,21:49:19,23.4,32.6
2026-05-04,21:49:49,23.4,32.6
2026-05-04,21:50:19,23.4,32.6
2026-05-04,21:50:49,23.4,32.6
2026-05-04,21:51:19,23.4,32.6
2026-05-04,21:51:49,23.4,32.7
2026-05-04,21:52:19,23.4,32.6
2026-05-04,21:52:49,23.4,32.7
2026-05-04,21:53:19,23.4,32.7
2026-05-04,21:53:49,23.4,32.7
2026-05-04,21:54:19,23.4,32.7
2026-05-04,21:54:49,23.4,32.7
2026-05-04,21:55:19,23.4,32.7
2026-05-04,21:55:49,23.4,32.7
2026-05-04,21:56:19,23.4,32.7
2026-05-04,21:56:49,23.4,32.7
2026-05-04,21:57:19,23.4,32.7
2026-05-04,21:57:49,23.4,32.7
2026-05-04,21:58:19,23.4,32.7
2026-05-04,21:58:49,23.4,32.7
2026-05-04,21:59:19,23.4,32.7
2026-05-04,21:59:49,23.4,32.6
2026-05-04,22:00:19,23.4,32.7
2026-05-04,22:00:51,23.4,32.7
2026-05-04,22:01:19,23.4,32.7
2026-05-04,22:01:49,23.4,32.7
2026-05-04,22:02:21,23.4,32.7
2026-05-04,22:02:49,23.4,32.6
2026-05-04,22:03:19,23.4,32.7
2026-05-04,22:03:51,23.4,32.7
2026-05-04,22:04:19,23.4,32.7
2026-05-04,22:04:49,23.4,32.7
2026-05-04,22:05:19,23.4,32.7
2026-05-04,22:05:49,23.4,32.7
2026-05-04,22:06:19,23.3,32.8
2026-05-04,22:06:49,23.4,32.8
2026-05-04,22:07:19,23.4,32.7
2026-05-04,22:07:51,23.4,32.7
2026-05-04,22:08:19,23.5,32.7
2026-05-04,22:08:51,23.4,32.7
2026-05-04,22:09:19,23.4,32.7
2026-05-04,22:09:49,23.3,32.8
2026-05-04,22:10:19,23.3,32.9
2026-05-04,22:10:49,23.1,33.1
2026-05-04,22:11:19,23.0,33.2
2026-05-04,22:11:49,22.9,33.3
2026-05-04,22:12:19,22.9,33.3
2026-05-04,22:12:49,22.9,33.4
2026-05-04,22:13:19,22.9,33.4
2026-05-04,22:13:49,22.9,33.4
2026-05-04,22:14:19,22.9,33.4
2026-05-04,22:14:49,22.9,33.4
2026-05-04,22:15:19,22.9,33.3
2026-05-04,22:15:49,23.0,33.3
2026-05-04,22:16:19,23.0,33.3
2026-05-04,22:16:49,23.0,33.2
2026-05-04,22:17:19,23.0,33.2
2026-05-04,22:17:49,23.1,33.1
2026-05-04,22:18:19,23.1,33.1
2026-05-04,22:18:49,23.1,33.1
2026-05-04,22:19:19,23.2,33.1
2026-05-04,22:19:49,23.2,33.1
2026-05-04,22:20:19,23.2,33.0
2026-05-04,22:20:49,23.2,33.0
2026-05-04,22:21:21,23.2,33.0
2026-05-04,22:21:51,23.2,33.0
2026-05-04,22:22:19,23.2,32.9
2026-05-04,22:22:49,23.3,33.0
2026-05-04,22:23:19,23.3,32.9
2026-05-04,22:23:49,23.3,32.9
2026-05-04,22:24:19,23.3,32.9
2026-05-04,22:24:49,23.3,32.8
2026-05-04,22:25:19,23.3,32.9
2026-05-04,22:25:49,23.3,32.9
2026-05-04,22:26:21,23.3,32.8
2026-05-04,22:26:49,23.3,32.8
2026-05-04,22:27:19,23.3,32.8
2026-05-04,22:27:49,23.4,32.8
2026-05-04,22:28:19,23.4,32.8
2026-05-04,22:28:49,23.3,32.9
2026-05-04,22:29:19,23.4,32.8
2026-05-04,22:29:49,23.4,32.8
2026-05-04,22:30:19,23.4,32.8
2026-05-04,22:30:49,23.4,32.8
2026-05-04,22:31:19,23.4,32.8
2026-05-04,22:31:49,23.4,32.8
2026-05-04,22:32:19,23.4,32.8
2026-05-04,22:32:51,23.4,32.8
2026-05-04,22:33:19,23.4,32.8
2026-05-04,22:33:49,23.4,32.8
2026-05-04,22:34:19,23.4,32.8
2026-05-04,22:34:49,23.4,32.8
2026-05-04,22:35:19,23.4,32.8
2026-05-04,22:35:49,23.4,32.7
2026-05-04,22:36:19,23.4,32.8
2026-05-04,22:36:49,23.4,32.8
2026-05-04,22:37:19,23.4,32.8
2026-05-04,22:37:49,23.4,32.8
2026-05-04,22:38:19,23.4,32.8
2026-05-04,22:38:49,23.4,32.8
2026-05-04,22:39:19,23.4,32.8
2026-05-04,22:39:49,23.4,32.8
2026-05-04,22:40:19,23.4,32.8
2026-05-04,22:40:49,23.4,32.8
2026-05-04,22:41:19,23.4,32.8
2026-05-04,22:41:51,23.4,32.8
2026-05-04,22:42:19,23.4,32.7
2026-05-04,22:42:49,23.4,32.8
2026-05-04,22:43:19,23.4,32.8
2026-05-04,22:43:49,23.4,32.8
2026-05-04,22:44:19,23.4,32.8
2026-05-04,22:44:49,23.4,32.8
2026-05-04,22:45:19,23.4,32.8
2026-05-04,22:45:49,23.4,32.7
2026-05-04,22:46:19,23.4,32.8
2026-05-04,22:46:49,23.4,32.7
2026-05-04,22:47:19,23.4,32.7
2026-05-04,22:47:49,23.4,32.8
2026-05-04,22:48:19,23.4,32.8
2026-05-04,22:48:49,23.4,32.8
2026-05-04,22:49:19,23.4,32.8
2026-05-04,22:49:49,23.4,32.8
2026-05-04,22:50:19,23.4,32.8
2026-05-04,22:50:49,23.4,32.8
2026-05-04,22:51:19,23.4,32.8
2026-05-04,22:51:49,23.4,32.8
2026-05-04,22:52:19,23.4,32.8
2026-05-04,22:52:49,23.4,32.8
2026-05-04,22:53:19,23.4,32.8
2026-05-04,22:53:49,23.4,32.8
2026-05-04,22:54:19,23.4,32.8
2026-05-04,22:54:49,23.4,32.8
2026-05-04,22:55:19,23.4,32.8
2026-05-04,22:55:49,23.4,32.8
2026-05-04,22:56:19,23.4,32.8
2026-05-04,22:56:49,23.4,32.7
2026-05-04,22:57:19,23.4,32.8
2026-05-04,22:57:49,23.4,32.8
2026-05-04,22:58:19,23.4,32.8
2026-05-04,22:58:49,23.4,32.8
2026-05-04,22:59:19,23.4,32.8
2026-05-04,22:59:49,23.4,32.8
2026-05-04,23:00:19,23.4,32.8
2026-05-04,23:00:49,23.4,32.8
2026-05-04,23:01:19,23.4,32.8
2026-05-04,23:01:49,23.4,32.8
2026-05-04,23:02:19,23.4,32.8
2026-05-04,23:02:49,23.4,32.8
2026-05-04,23:03:19,23.4,32.8
2026-05-04,23:03:51,23.4,32.8
2026-05-04,23:04:19,23.4,32.8
2026-05-04,23:04:49,23.4,32.8
2026-05-04,23:05:19,23.4,32.8
2026-05-04,23:05:49,23.3,32.9
2026-05-04,23:06:19,23.3,32.9
2026-05-04,23:06:49,23.4,32.8
2026-05-04,23:07:21,23.4,32.8
2026-05-04,23:07:49,23.4,32.8
2026-05-04,23:08:19,23.4,32.8
2026-05-04,23:08:49,23.3,32.9
2026-05-04,23:09:19,23.1,33.1
2026-05-04,23:09:49,23.0,33.3
2026-05-04,23:10:19,22.9,33.4
2026-05-04,23:10:49,22.8,33.5
2026-05-04,23:11:19,22.8,33.5
2026-05-04,23:11:49,22.8,33.5
2026-05-04,23:12:19,22.8,33.5
2026-05-04,23:12:51,22.9,33.5
2026-05-04,23:13:19,22.9,33.5
2026-05-04,23:13:49,22.9,33.4
2026-05-04,23:14:19,23.0,33.4
2026-05-04,23:14:49,23.0,33.3
2026-05-04,23:15:19,23.0,33.3
2026-05-04,23:15:49,23.1,33.3
2026-05-04,23:16:19,23.1,33.3
2026-05-04,23:16:49,23.1,33.2
2026-05-04,23:17:19,23.1,33.2
2026-05-04,23:17:49,23.1,33.1
2026-05-04,23:18:19,23.2,33.1
2026-05-04,23:18:49,23.2,33.1
2026-05-04,23:19:19,23.2,33.1
2026-05-04,23:19:51,23.2,33.0
2026-05-04,23:20:19,23.2,33.0
2026-05-04,23:20:49,23.2,33.0
2026-05-04,23:21:19,23.3,33.0
2026-05-04,23:21:49,23.3,33.0
2026-05-04,23:22:19,23.3,33.0
2026-05-04,23:22:49,23.3,33.0
2026-05-04,23:23:19,23.3,33.0
2026-05-04,23:23:49,23.3,33.0
2026-05-04,23:24:19,23.3,33.0
2026-05-04,23:24:49,23.3,32.9
2026-05-04,23:25:19,23.3,32.9
2026-05-04,23:25:49,23.3,32.9
2026-05-04,23:26:19,23.3,32.9
2026-05-04,23:26:49,23.3,32.9
2026-05-04,23:27:19,23.4,32.9
2026-05-04,23:27:49,23.4,32.9
2026-05-04,23:28:19,23.4,32.9
2026-05-04,23:28:49,23.3,32.9
2026-05-04,23:29:19,23.4,32.9
2026-05-04,23:29:49,23.4,32.9
2026-05-04,23:30:21,23.4,32.9
2026-05-04,23:30:49,23.4,32.9
2026-05-04,23:31:21,23.4,32.9
2026-05-04,23:31:49,23.4,32.8
2026-05-04,23:32:19,23.4,32.8
2026-05-04,23:32:49,23.4,32.8
2026-05-04,23:33:19,23.4,32.9
2026-05-04,23:33:49,23.4,32.9
2026-05-04,23:34:19,23.4,32.8
2026-05-04,23:34:49,23.4,32.8
2026-05-04,23:35:19,23.4,32.8
2026-05-04,23:35:49,23.4,32.9
2026-05-04,23:36:19,23.4,32.9
2026-05-04,23:36:49,23.4,32.8
2026-05-04,23:37:19,23.4,32.8
2026-05-04,23:37:49,23.4,32.9
2026-05-04,23:38:19,23.4,32.9
2026-05-04,23:38:49,23.4,32.8
2026-05-04,23:39:19,23.4,32.9
2026-05-04,23:39:49,23.4,32.8
2026-05-04,23:40:19,23.4,32.9
2026-05-04,23:40:49,23.4,32.9
2026-05-04,23:41:19,23.4,32.8
2026-05-04,23:41:49,23.4,32.9
2026-05-04,23:42:19,23.4,32.9
2026-05-04,23:42:49,23.4,32.9
2026-05-04,23:43:19,23.4,32.8
2026-05-04,23:43:49,23.4,32.8
2026-05-04,23:44:19,23.4,32.8
2026-05-04,23:44:49,23.4,32.8
2026-05-04,23:45:19,23.4,32.8
2026-05-04,23:45:49,23.4,32.9
2026-05-04,23:46:19,23.4,32.9
2026-05-04,23:46:49,23.4,32.9
2026-05-04,23:47:19,23.4,32.9
2026-05-04,23:47:49,23.4,32.9
2026-05-04,23:48:19,23.4,32.9
2026-05-04,23:48:49,23.4,32.9
2026-05-04,23:49:19,23.4,32.9
2026-05-04,23:49:49,23.4,32.8
2026-05-04,23:50:19,23.4,32.8
2026-05-04,23:50:49,23.4,32.9
2026-05-04,23:51:19,23.4,32.8
2026-05-04,23:51:49,23.4,32.8
2026-05-04,23:52:19,23.4,32.9
2026-05-04,23:52:49,23.4,32.9
2026-05-04,23:53:19,23.4,32.9
2026-05-04,23:53:49,23.4,32.9
2026-05-04,23:54:19,23.4,32.9
2026-05-04,23:54:49,23.4,32.9
2026-05-04,23:55:19,23.4,32.8
2026-05-04,23:55:49,23.4,32.9
2026-05-04,23:56:19,23.4,32.9
2026-05-04,23:56:51,23.4,32.9
2026-05-04,23:57:19,23.4,32.8
2026-05-04,23:57:49,23.4,32.9
2026-05-04,23:58:19,23.4,32.9
2026-05-04,23:58:49,23.4,32.9
2026-05-04,23:59:19,23.4,32.9
2026-05-04,23:59:51,23.4,32.9
